[2025-10-23 17:13:49.721] Boot+00:21:35,32.74,54.28,1009.00,50.00,500,0.500,5600,35.0,53.0,66.0,YES,YES,LPG_CARRIER_ONLY_VOC:0.500,1243.2,0,5.0,0.050,50
[2025-10-23 17:14:00.153] Boot+00:21:46,32.74,54.28,1009.00,50.00,500,0.500,5600,34.0,52.0,67.0,YES,YES,LPG_CARRIER_ONLY_VOC:0.500,1253.7,0,5.0,0.050,50
[2025-10-23 17:14:09.550] Boot+00:21:55,32.74,54.28,1009.00,50.00,500,0.500,5600,33.0,51.0,66.0,YES,YES,LPG_CARRIER_ONLY_VOC:0.500,1263.1,0,5.0,0.050,50
[2025-10-23 17:14:19.997] Boot+00:22:05,32.74,54.28,1009.00,50.00,500,0.500,5600,35.0,52.0,66.0,YES,YES,LPG_CARRIER_ONLY_VOC:0.500,1273.5,0,5.0,0.050,50
[2025-10-23 17:14:30.420] Boot+00:22:16,32.74,54.28,1009.00,50.00,500,0.500,5600,35.0,51.0,66.0,YES,YES,LPG_CARRIER_ONLY_VOC:0.500,1283.9,0,5.0,0.050,50
[2025-10-23 17:14:39.824] Boot+00:22:25,32.74,54.28,1009.00,50.00,500,0.500,5600,37.0,53.0,68.0,YES,YES,LPG_CARRIER_ONLY_VOC:0.500,1293.4,0,5.0,0.050,50
[2025-10-23 17:14:50.266] Boot+00:22:36,32.74,54.28,1009.00,50.00,500,0.500,5600,35.0,52.0,66.0,YES,YES,LPG_CARRIER_ONLY_VOC:0.500,1303.8,0,5.0,0.050,50
[2025-10-23 17:14:59.672] Boot+00:22:45,32.74,54.28,1009.00,50.00,500,0.500,5600,35.0,52.0,66.0,YES,YES,LPG_CARRIER_ONLY_VOC:0.500,1313.2,0,5.0,0.050,50
[2025-10-23 17:15:10.111] Boot+00:22:56,32.74,54.28,1009.00,50.00,500,0.500,5600,34.0,51.0,66.0,YES,YES,LPG_CARRIER_ONLY_VOC:0.500,1323.6,0,5.0,0.050,50
[2025-10-23 17:15:20.554] Boot+00:23:06,32.74,54.28,1009.00,50.00,500,0.500,5600,35.0,52.0,66.0,YES,YES,LPG_CARRIER_ONLY_VOC:0.500,1334.1,0,5.0,0.050,50
[2025-10-23 17:15:29.949] Boot+00:23:15,32.74,54.28,1009.00,50.00,500,0.500,5600,34.0,52.0,66.0,YES,YES,LPG_CARRIER_ONLY_VOC:0.500,1343.5,0,5.0,0.050,50
[2025-10-23 17:15:40.402] Boot+00:23:26,32.74,54.28,1009.00,50.00,500,0.500,5600,34.0,50.0,65.0,YES,YES,LPG_CARRIER_ONLY_VOC:0.500,1353.9,0,5.0,0.050,50
[2025-10-23 17:15:49.792] Boot+00:23:35,32.74,54.28,1009.00,50.00,500,0.500,5600,36.0,52.0,67.0,YES,YES,LPG_CARRIER_ONLY_VOC:0.500,1363.3,0,5.0,0.050,50
[2025-10-23 17:16:00.237] Boot+00:23:46,32.74,54.28,1009.00,50.00,500,0.500,5600,35.0,51.0,66.0,YES,YES,LPG_CARRIER_ONLY_VOC:0.500,1373.8,0,5.0,0.050,50
[2025-10-23 17:16:10.680] Boot+00:23:56,32.74,54.28,1009.00,50.00,500,0.500,5600,36.0,52.0,67.0,YES,YES,LPG_CARRIER_ONLY_VOC:0.500,1384.2,0,5.0,0.050,50
[2025-10-23 17:16:20.071] Boot+00:24:06,32.74,54.28,1009.00,50.00,500,0.500,5600,35.0,52.0,67.0,YES,YES,LPG_CARRIER_ONLY_VOC:0.500,1393.6,0,5.0,0.050,50
[2025-10-23 17:16:30.519] Boot+00:24:16,32.74,54.28,1009.00,50.00,500,0.500,5600,35.0,52.0,67.0,YES,YES,LPG_CARRIER_ONLY_VOC:0.500,1404.0,0,5.0,0.050,50
[2025-10-23 17:16:39.918] Boot+00:24:25,32.74,54.28,1009.00,50.00,500,0.500,5600,36.0,53.0,67.0,YES,YES,LPG_CARRIER_ONLY_VOC:0.500,1413.4,0,5.0,0.050,50
[2025-10-23 17:16:50.360] Boot+00:24:36,32.74,54.28,1009.00,50.00,500,0.500,5600,37.0,53.0,67.0,YES,YES,LPG_CARRIER_ONLY_VOC:0.500,1423.9,0,5.0,0.050,50
[2025-10-23 17:17:00.801] Boot+00:24:46,32.74,54.28,1009.00,50.00,500,0.500,5600,35.0,52.0,66.0,YES,YES,LPG_CARRIER_ONLY_VOC:0.500,1434.3,0,5.0,0.050,50
[2025-10-23 17:17:10.192] Boot+00:24:56,32.74,54.28,1009.00,50.00,500,0.500,5600,36.0,54.0,67.0,YES,YES,LPG_CARRIER_ONLY_VOC:0.500,1443.7,0,5.0,0.050,50
[2025-10-23 17:17:20.636] Boot+00:25:06,32.74,54.28,1009.00,50.00,500,0.500,5600,36.0,53.0,67.0,YES,YES,LPG_CARRIER_ONLY_VOC:0.500,1454.2,0,5.0,0.050,50
[2025-10-23 17:17:31.080] Boot+00:25:17,32.74,54.28,1009.00,50.00,500,0.500,5600,35.0,52.0,67.0,YES,YES,LPG_CARRIER_ONLY_VOC:0.500,1464.6,0,5.0,0.050,50
[2025-10-23 17:17:40.480] Boot+00:25:26,32.74,54.28,1009.00,50.00,500,0.500,5600,35.0,52.0,66.0,YES,YES,LPG_CARRIER_ONLY_VOC:0.500,1474.0,0,5.0,0.050,50
[2025-10-23 17:17:50.925] Boot+00:25:36,32.74,54.28,1009.00,50.00,500,0.500,5600,36.0,53.0,66.0,YES,YES,LPG_CARRIER_ONLY_VOC:0.500,1484.4,0,5.0,0.050,50
[2025-10-23 17:18:00.326] Boot+00:25:46,32.74,54.28,1009.00,50.00,500,0.500,5600,36.0,53.0,66.0,YES,YES,LPG_CARRIER_ONLY_VOC:0.500,1493.8,0,5.0,0.050,50
[2025-10-23 17:18:10.755] Boot+00:25:56,32.81,54.30,1009.00,50.00,500,0.500,5600,35.0,51.0,64.0,YES,YES,LPG_CARRIER_ONLY_VOC:0.500,1504.3,0,5.0,0.050,50
[2025-10-23 17:18:21.208] Boot+00:26:07,32.81,54.30,1009.00,50.00,500,0.500,5600,36.0,52.0,66.0,YES,YES,LPG_CARRIER_ONLY_VOC:0.500,1514.7,0,5.0,0.050,50
[2025-10-23 17:18:30.609] Boot+00:26:16,32.81,54.30,1009.00,50.00,500,0.500,5600,36.0,53.0,67.0,YES,YES,LPG_CARRIER_ONLY_VOC:0.500,1524.1,0,5.0,0.050,50
[2025-10-23 17:18:41.055] Boot+00:26:26,32.81,54.30,1009.00,50.00,500,0.500,5600,35.0,54.0,67.0,YES,YES,LPG_CARRIER_ONLY_VOC:0.500,1534.6,0,5.0,0.050,50
[2025-10-23 17:18:50.447] Boot+00:26:36,32.81,54.30,1009.00,50.00,500,0.500,5600,35.0,53.0,66.0,YES,YES,LPG_CARRIER_ONLY_VOC:0.500,1544.0,0,5.0,0.050,50
[2025-10-23 17:19:00.879] Boot+00:26:46,32.81,54.30,1009.00,50.00,500,0.500,5600,36.0,52.0,66.0,YES,YES,LPG_CARRIER_ONLY_VOC:0.500,1554.4,0,5.0,0.050,50
[2025-10-23 17:19:11.322] Boot+00:26:57,32.81,54.30,1009.00,50.00,500,0.500,5600,35.0,51.0,65.0,YES,YES,LPG_CARRIER_ONLY_VOC:0.500,1564.8,0,5.0,0.050,50
[2025-10-23 17:19:20.735] Boot+00:27:06,32.81,54.30,1009.00,50.00,500,0.500,5600,36.0,53.0,65.0,YES,YES,LPG_CARRIER_ONLY_VOC:0.500,1574.2,0,5.0,0.050,50
[2025-10-23 17:19:31.180] Boot+00:27:17,32.81,54.30,1009.00,50.00,500,0.500,5600,36.0,54.0,67.0,YES,YES,LPG_CARRIER_ONLY_VOC:0.500,1584.7,0,5.0,0.050,50
[2025-10-23 17:19:40.574] Boot+00:27:26,32.81,54.30,1009.00,50.00,500,0.500,5600,34.0,52.0,65.0,YES,YES,LPG_CARRIER_ONLY_VOC:0.500,1594.1,0,5.0,0.050,50
[2025-10-23 17:19:51.014] Boot+00:27:36,32.81,54.30,1009.00,50.00,500,0.500,5600,35.0,53.0,65.0,YES,YES,LPG_CARRIER_ONLY_VOC:0.500,1604.5,0,5.0,0.050,50
[2025-10-23 17:20:01.446] Boot+00:27:47,32.81,54.30,1009.00,50.00,500,0.500,5600,35.0,52.0,63.0,YES,YES,LPG_CARRIER_ONLY_VOC:0.500,1615.0,0,5.0,0.050,50
[2025-10-23 17:20:10.853] Boot+00:27:56,32.81,54.30,1009.00,50.00,500,0.500,5600,36.0,53.0,64.0,YES,YES,LPG_CARRIER_ONLY_VOC:0.500,1624.4,0,5.0,0.050,50
[2025-10-23 17:20:21.281] Boot+00:28:07,32.81,54.30,1009.00,50.00,500,0.500,5600,36.0,53.0,67.0,YES,YES,LPG_CARRIER_ONLY_VOC:0.500,1634.8,0,5.0,0.050,50
[2025-10-23 17:20:31.724] Boot+00:28:17,32.81,54.30,1009.00,50.00,500,0.500,5600,35.0,53.0,66.0,YES,YES,LPG_CARRIER_ONLY_VOC:0.500,1645.2,0,5.0,0.050,50
[2025-10-23 17:20:41.120] Boot+00:28:27,32.81,54.30,1009.00,50.00,500,0.500,5600,35.0,53.0,66.0,YES,YES,LPG_CARRIER_ONLY_VOC:0.500,1654.6,0,5.0,0.050,50
[2025-10-23 17:20:51.546] Boot+00:28:37,32.81,54.30,1009.00,50.00,500,0.500,5600,35.0,52.0,66.0,YES,YES,LPG_CARRIER_ONLY_VOC:0.500,1665.1,0,5.0,0.050,50
[2025-10-23 17:21:00.959] Boot+00:28:46,32.81,54.30,1009.00,50.00,500,0.500,5600,36.0,52.0,67.0,YES,YES,LPG_CARRIER_ONLY_VOC:0.500,1674.5,0,5.0,0.050,50
[2025-10-23 17:21:11.390] Boot+00:28:57,32.81,54.30,1009.00,50.00,500,0.500,5600,35.0,51.0,64.0,YES,YES,LPG_CARRIER_ONLY_VOC:0.500,1684.9,0,5.0,0.050,50
[2025-10-23 17:21:21.820] Boot+00:29:07,32.81,54.30,1009.00,50.00,500,0.500,5600,35.0,52.0,65.0,YES,YES,LPG_CARRIER_ONLY_VOC:0.500,1695.3,0,5.0,0.050,50
[2025-10-23 17:21:31.228] Boot+00:29:17,32.81,54.30,1009.00,50.00,500,0.500,5600,36.0,53.0,66.0,YES,YES,LPG_CARRIER_ONLY_VOC:0.500,1704.7,0,5.0,0.050,50
[2025-10-23 17:21:41.669] Boot+00:29:27,32.81,54.30,1009.00,50.00,500,0.500,5600,35.0,52.0,66.0,YES,YES,LPG_CARRIER_ONLY_VOC:0.500,1715.2,0,5.0,0.050,50
[2025-10-23 17:21:51.067] Boot+00:29:36,32.81,54.30,1009.00,50.00,500,0.500,5600,35.0,53.0,66.0,YES,YES,LPG_CARRIER_ONLY_VOC:0.500,1724.6,0,5.0,0.050,50
[2025-10-23 17:22:01.494] Boot+00:29:47,32.81,54.30,1009.00,50.00,500,0.500,5600,35.0,53.0,67.0,YES,YES,LPG_CARRIER_ONLY_VOC:0.500,1735.0,0,5.0,0.050,50
[2025-10-23 17:22:11.933] Boot+00:29:57,32.81,54.30,1009.00,50.00,500,0.500,5600,34.0,52.0,66.0,YES,YES,LPG_CARRIER_ONLY_VOC:0.500,1745.4,0,5.0,0.050,50
[2025-10-23 17:22:21.329] Boot+00:30:07,32.81,54.30,1009.00,50.00,500,0.500,5600,36.0,53.0,67.0,YES,YES,LPG_CARRIER_ONLY_VOC:0.500,1754.8,0,5.0,0.050,50
[2025-10-23 17:22:31.762] Boot+00:30:17,32.81,54.30,1009.00,50.00,500,0.500,5600,35.0,51.0,65.0,YES,YES,LPG_CARRIER_ONLY_VOC:0.500,1765.3,0,5.0,0.050,50
[2025-10-23 17:22:41.164] Boot+00:30:27,32.81,54.30,1009.00,50.00,500,0.500,5600,35.0,53.0,66.0,YES,YES,LPG_CARRIER_ONLY_VOC:0.500,1774.7,0,5.0,0.050,50
[2025-10-23 17:22:51.603] Boot+00:30:37,32.81,54.30,1009.00,50.00,500,0.500,5600,34.0,52.0,65.0,YES,YES,LPG_CARRIER_ONLY_VOC:0.500,1785.1,0,5.0,0.050,50
[2025-10-23 17:23:02.030] Boot+00:30:47,32.81,54.30,1009.00,50.00,500,0.500,5600,34.0,52.0,65.0,YES,YES,LPG_CARRIER_ONLY_VOC:0.500,1795.6,0,5.0,0.050,50
[2025-10-23 17:23:11.437] Boot+00:30:57,32.81,54.45,1009.00,50.00,500,0.500,5600,33.0,51.0,63.0,YES,YES,LPG_CARRIER_ONLY_VOC:0.500,1804.9,0,5.0,0.050,50
[2025-10-23 17:23:21.884] Boot+00:31:07,32.81,54.45,1009.00,50.00,500,0.500,5600,35.0,52.0,65.0,YES,YES,LPG_CARRIER_ONLY_VOC:0.500,1815.4,0,5.0,0.050,50
[2025-10-23 17:23:31.272] Boot+00:31:17,32.81,54.45,1009.00,50.00,500,0.500,5600,34.0,50.0,63.0,YES,YES,LPG_CARRIER_ONLY_VOC:0.500,1824.8,0,5.0,0.050,50
[2025-10-23 17:23:41.700] Boot+00:31:27,32.81,54.45,1009.00,50.00,500,0.500,5600,35.0,51.0,64.0,YES,YES,LPG_CARRIER_ONLY_VOC:0.500,1835.2,0,5.0,0.050,50
[2025-10-23 17:23:52.153] Boot+00:31:38,32.81,54.45,1009.00,50.00,500,0.500,5600,34.0,51.0,63.0,YES,YES,LPG_CARRIER_ONLY_VOC:0.500,1845.7,0,5.0,0.050,50
[2025-10-23 17:24:01.542] Boot+00:31:47,32.81,54.45,1009.00,50.00,500,0.500,5600,34.0,50.0,64.0,YES,YES,LPG_CARRIER_ONLY_VOC:0.500,1855.0,0,5.0,0.050,50
[2025-10-23 17:24:11.982] Boot+00:31:57,32.81,54.45,1009.00,50.00,500,0.500,5600,34.0,50.0,63.0,YES,YES,LPG_CARRIER_ONLY_VOC:0.500,1865.5,0,5.0,0.050,50
[2025-10-23 17:24:22.403] Boot+00:32:08,32.81,54.45,1009.00,50.00,500,0.500,5600,34.0,51.0,64.0,YES,YES,LPG_CARRIER_ONLY_VOC:0.500,1875.9,0,5.0,0.050,50
[2025-10-23 17:24:31.812] Boot+00:32:17,32.81,54.45,1009.00,50.00,500,0.500,5600,35.0,52.0,64.0,YES,YES,LPG_CARRIER_ONLY_VOC:0.500,1885.3,0,5.0,0.050,50
[2025-10-23 17:24:42.252] Boot+00:32:28,32.81,54.45,1009.00,50.00,500,0.500,5600,35.0,51.0,65.0,YES,YES,LPG_CARRIER_ONLY_VOC:0.500,1895.8,0,5.0,0.050,50
[2025-10-23 17:24:51.651] Boot+00:32:37,32.81,54.45,1009.00,50.00,500,0.500,5600,36.0,53.0,68.0,YES,YES,LPG_CARRIER_ONLY_VOC:0.500,1905.2,0,5.0,0.050,50
[2025-10-23 17:25:02.074] Boot+00:32:48,32.81,54.45,1009.00,50.00,500,0.500,5600,36.0,53.0,67.0,YES,YES,LPG_CARRIER_ONLY_VOC:0.500,1915.6,0,5.0,0.050,50
[2025-10-23 17:25:12.512] Boot+00:32:58,32.81,54.45,1009.00,50.00,500,0.500,5600,35.0,53.0,66.0,YES,YES,LPG_CARRIER_ONLY_VOC:0.500,1926.0,0,5.0,0.050,50
[2025-10-23 17:25:21.917] Boot+00:33:07,32.81,54.45,1009.00,50.00,500,0.500,5600,34.0,52.0,65.0,YES,YES,LPG_CARRIER_ONLY_VOC:0.500,1935.4,0,5.0,0.050,50
[2025-10-23 17:25:32.349] Boot+00:33:18,32.81,54.45,1009.00,50.00,500,0.500,5600,36.0,53.0,65.0,YES,YES,LPG_CARRIER_ONLY_VOC:0.500,1945.9,0,5.0,0.050,50
[2025-10-23 17:25:41.756] Boot+00:33:27,32.81,54.45,1009.00,50.00,500,0.500,5600,35.0,53.0,66.0,YES,YES,LPG_CARRIER_ONLY_VOC:0.500,1955.3,0,5.0,0.050,50
[2025-10-23 17:25:52.178] Boot+00:33:38,32.81,54.45,1009.00,50.00,500,0.500,5600,36.0,53.0,65.0,YES,YES,LPG_CARRIER_ONLY_VOC:0.500,1965.7,0,5.0,0.050,50
[2025-10-23 17:26:02.622] Boot+00:33:48,32.81,54.45,1009.00,50.00,500,0.500,5600,37.0,53.0,67.0,YES,YES,LPG_CARRIER_ONLY_VOC:0.500,1976.1,0,5.0,0.050,50
[2025-10-23 17:26:12.034] Boot+00:33:57,32.81,54.45,1009.00,50.00,500,0.500,5600,37.0,53.0,68.0,YES,YES,LPG_CARRIER_ONLY_VOC:0.500,1985.5,0,5.0,0.050,50
[2025-10-23 17:26:22.470] Boot+00:34:08,32.81,54.45,1009.00,50.00,500,0.500,5600,37.0,54.0,69.0,YES,YES,LPG_CARRIER_ONLY_VOC:0.500,1996.0,0,5.0,0.050,50
[2025-10-23 17:26:31.868] Boot+00:34:17,32.81,54.45,1009.00,50.00,500,0.500,5600,35.0,52.0,66.0,YES,YES,LPG_CARRIER_ONLY_VOC:0.500,2005.4,0,5.0,0.050,50
[2025-10-23 17:26:42.303] Boot+00:34:28,32.81,54.45,1009.00,50.00,500,0.500,5600,36.0,53.0,66.0,YES,YES,LPG_CARRIER_ONLY_VOC:0.500,2015.8,0,5.0,0.050,50
[2025-10-23 17:26:52.742] Boot+00:34:38,32.81,54.45,1009.00,50.00,500,0.500,5600,36.0,53.0,67.0,YES,YES,LPG_CARRIER_ONLY_VOC:0.500,2026.2,0,5.0,0.050,50
[2025-10-23 17:27:02.138] Boot+00:34:48,32.81,54.45,1009.00,50.00,500,0.500,5600,35.0,51.0,65.0,YES,YES,LPG_CARRIER_ONLY_VOC:0.500,2035.6,0,5.0,0.050,50
[2025-10-23 17:27:12.577] Boot+00:34:58,32.81,54.45,1009.00,50.00,500,0.500,5600,35.0,52.0,66.0,YES,YES,LPG_CARRIER_ONLY_VOC:0.500,2046.1,0,5.0,0.050,50
[2025-10-23 17:27:21.971] Boot+00:35:07,32.81,54.45,1009.00,50.00,500,0.500,5600,37.0,53.0,66.0,YES,YES,LPG_CARRIER_ONLY_VOC:0.500,2055.5,0,5.0,0.050,50
[2025-10-23 17:27:32.407] Boot+00:35:18,32.81,54.45,1009.00,50.00,500,0.500,5600,37.0,53.0,66.0,YES,YES,LPG_CARRIER_ONLY_VOC:0.500,2065.9,0,5.0,0.050,50
[2025-10-23 17:27:42.860] Boot+00:35:28,32.81,54.45,1009.00,50.00,500,0.500,5600,37.0,54.0,68.0,YES,YES,LPG_CARRIER_ONLY_VOC:0.500,2076.4,0,5.0,0.050,50
[2025-10-23 17:27:52.250] Boot+00:35:38,32.81,54.45,1009.00,50.00,500,0.500,5600,37.0,53.0,66.0,YES,YES,LPG_CARRIER_ONLY_VOC:0.500,2085.8,0,5.0,0.050,50
[2025-10-23 17:28:02.694] Boot+00:35:48,32.81,54.45,1009.00,50.00,500,0.500,5600,36.0,53.0,66.0,YES,YES,LPG_CARRIER_ONLY_VOC:0.500,2096.2,0,5.0,0.050,50
[2025-10-23 17:28:13.124] Boot+00:35:59,32.86,54.68,1009.00,50.00,500,0.500,5600,36.0,52.0,65.0,YES,YES,LPG_CARRIER_ONLY_VOC:0.500,2106.6,0,5.0,0.050,50
[2025-10-23 17:28:22.525] Boot+00:36:08,32.86,54.68,1009.00,50.00,500,0.500,5600,35.0,53.0,66.0,YES,YES,LPG_CARRIER_ONLY_VOC:0.500,2116.0,0,5.0,0.050,50
[2025-10-23 17:28:32.947] Boot+00:36:18,32.86,54.68,1009.00,50.00,500,0.500,5600,37.0,54.0,68.0,YES,YES,LPG_CARRIER_ONLY_VOC:0.500,2126.5,0,5.0,0.050,50
[2025-10-23 17:28:42.364] Boot+00:36:28,32.86,54.68,1009.00,50.00,500,0.500,5600,37.0,53.0,67.0,YES,YES,LPG_CARRIER_ONLY_VOC:0.500,2135.9,0,5.0,0.050,50
[2025-10-23 17:28:52.796] Boot+00:36:38,32.86,54.68,1009.00,50.00,500,0.500,5600,36.0,52.0,67.0,YES,YES,LPG_CARRIER_ONLY_VOC:0.500,2146.3,0,5.0,0.050,50
[2025-10-23 17:29:03.226] Boot+00:36:49,32.86,54.68,1009.00,50.00,500,0.500,5600,35.0,52.0,66.0,YES,YES,LPG_CARRIER_ONLY_VOC:0.500,2156.7,0,5.0,0.050,50
[2025-10-23 17:29:12.635] Boot+00:36:58,32.86,54.68,1009.00,50.00,500,0.500,5600,36.0,54.0,67.0,YES,YES,LPG_CARRIER_ONLY_VOC:0.500,2166.1,0,5.0,0.050,50
[2025-10-23 17:29:23.079] Boot+00:37:08,32.86,54.68,1009.00,50.00,500,0.500,5600,35.0,54.0,66.0,YES,YES,LPG_CARRIER_ONLY_VOC:0.500,2176.6,0,5.0,0.050,50
[2025-10-23 17:29:32.458] Boot+00:37:18,32.86,54.68,1009.00,50.00,500,0.500,5600,36.0,54.0,67.0,YES,YES,LPG_CARRIER_ONLY_VOC:0.500,2186.0,0,5.0,0.050,50
[2025-10-23 17:29:42.900] Boot+00:37:28,32.86,54.68,1009.00,50.00,500,0.500,5600,35.0,53.0,66.0,YES,YES,LPG_CARRIER_ONLY_VOC:0.500,2196.4,0,5.0,0.050,50
[2025-10-23 17:29:53.334] Boot+00:37:39,32.86,54.68,1009.00,50.00,500,0.500,5600,35.0,52.0,65.0,YES,YES,LPG_CARRIER_ONLY_VOC:0.500,2206.8,0,5.0,0.050,50
[2025-10-23 17:30:02.740] Boot+00:37:48,32.86,54.68,1009.00,50.00,500,0.500,5600,35.0,52.0,65.0,YES,YES,LPG_CARRIER_ONLY_VOC:0.500,2216.2,0,5.0,0.050,50
[2025-10-23 17:30:13.173] Boot+00:37:59,32.86,54.68,1009.00,50.00,500,0.500,5600,37.0,54.0,67.0,YES,YES,LPG_CARRIER_ONLY_VOC:0.500,2226.7,0,5.0,0.050,50
[2025-10-23 17:30:22.565] Boot+00:38:08,32.86,54.68,1009.00,50.00,500,0.500,5600,35.0,52.0,66.0,YES,YES,LPG_CARRIER_ONLY_VOC:0.500,2236.1,0,5.0,0.050,50
[2025-10-23 17:30:33.016] Boot+00:38:18,32.86,54.68,1009.00,50.00,500,0.500,5600,35.0,53.0,66.0,YES,YES,LPG_CARRIER_ONLY_VOC:0.500,2246.5,0,5.0,0.050,50
[2025-10-23 17:30:43.450] Boot+00:38:29,32.86,54.68,1009.00,50.00,500,0.500,5600,36.0,53.0,67.0,YES,YES,LPG_CARRIER_ONLY_VOC:0.500,2257.0,0,5.0,0.050,50
[2025-10-23 17:30:52.850] Boot+00:38:38,32.86,54.68,1009.00,50.00,500,0.500,5600,34.0,52.0,65.0,YES,YES,LPG_CARRIER_ONLY_VOC:0.500,2266.4,0,5.0,0.050,50
[2025-10-23 17:31:03.288] Boot+00:38:49,32.86,54.68,1009.00,50.00,500,0.500,5600,36.0,53.0,66.0,YES,YES,LPG_CARRIER_ONLY_VOC:0.500,2276.8,0,5.0,0.050,50
[2025-10-23 17:31:12.665] Boot+00:38:58,32.86,54.68,1009.00,50.00,500,0.500,5600,35.0,53.0,66.0,YES,YES,LPG_CARRIER_ONLY_VOC:0.500,2286.2,0,5.0,0.050,50
[2025-10-23 17:31:23.117] Boot+00:39:09,32.86,54.68,1009.00,50.00,500,0.500,5600,35.0,53.0,66.0,YES,YES,LPG_CARRIER_ONLY_VOC:0.500,2296.6,0,5.0,0.050,50
[2025-10-23 17:31:33.558] Boot+00:39:19,32.86,54.68,1009.00,50.00,500,0.500,5600,38.0,54.0,67.0,YES,YES,LPG_CARRIER_ONLY_VOC:0.500,2307.1,0,5.0,0.050,50
[2025-10-23 17:31:42.965] Boot+00:39:28,32.86,54.68,1009.00,50.00,500,0.500,5600,38.0,55.0,68.0,YES,YES,LPG_CARRIER_ONLY_VOC:0.500,2316.5,0,5.0,0.050,50
[2025-10-23 17:31:53.405] Boot+00:39:39,32.86,54.68,1009.00,50.00,500,0.500,5600,37.0,55.0,67.0,YES,YES,LPG_CARRIER_ONLY_VOC:0.500,2326.9,0,5.0,0.050,50
[2025-10-23 17:32:03.837] Boot+00:39:49,32.86,54.68,1009.00,50.00,500,0.500,5600,37.0,54.0,67.0,YES,YES,LPG_CARRIER_ONLY_VOC:0.500,2337.3,0,5.0,0.050,50
[2025-10-23 17:32:13.244] Boot+00:39:59,32.86,54.68,1009.00,50.00,500,0.500,5600,36.0,53.0,67.0,YES,YES,LPG_CARRIER_ONLY_VOC:0.500,2346.7,0,5.0,0.050,50
[2025-10-23 17:32:23.688] Boot+00:40:09,32.86,54.68,1009.00,50.00,500,0.500,5600,36.0,53.0,66.0,YES,YES,LPG_CARRIER_ONLY_VOC:0.500,2357.2,0,5.0,0.050,50
[2025-10-23 17:32:33.090] Boot+00:40:19,32.86,54.68,1009.00,50.00,500,0.500,5600,35.0,53.0,66.0,YES,YES,LPG_CARRIER_ONLY_VOC:0.500,2366.6,0,5.0,0.050,50
[2025-10-23 17:32:43.521] Boot+00:40:29,32.86,54.68,1009.00,50.00,500,0.500,5600,34.0,52.0,66.0,YES,YES,LPG_CARRIER_ONLY_VOC:0.500,2377.0,0,5.0,0.050,50
[2025-10-23 17:32:53.969] Boot+00:40:39,32.86,54.68,1009.00,50.00,500,0.500,5600,36.0,53.0,65.0,YES,YES,LPG_CARRIER_ONLY_VOC:0.500,2387.5,0,5.0,0.050,50
[2025-10-23 17:33:03.360] Boot+00:40:49,32.86,54.68,1009.00,50.00,500,0.500,5600,35.0,52.0,65.0,YES,YES,LPG_CARRIER_ONLY_VOC:0.500,2396.9,0,5.0,0.050,50
[2025-10-23 17:33:13.813] Boot+00:40:59,32.88,54.83,1009.00,50.00,500,0.500,5600,35.0,53.0,66.0,YES,YES,LPG_CARRIER_ONLY_VOC:0.500,2407.3,0,5.0,0.050,50
[2025-10-23 17:33:23.209] Boot+00:41:09,32.88,54.83,1009.00,50.00,500,0.500,5600,37.0,54.0,67.0,YES,YES,LPG_CARRIER_ONLY_VOC:0.500,2416.7,0,5.0,0.050,50
[2025-10-23 17:33:33.643] Boot+00:41:19,32.88,54.83,1009.00,50.00,500,0.500,5600,36.0,53.0,66.0,YES,YES,LPG_CARRIER_ONLY_VOC:0.500,2427.2,0,5.0,0.050,50
[2025-10-23 17:33:44.093] Boot+00:41:30,32.88,54.83,1009.00,50.00,500,0.500,5600,36.0,53.0,66.0,YES,YES,LPG_CARRIER_ONLY_VOC:0.500,2437.6,0,5.0,0.050,50
[2025-10-23 17:33:53.494] Boot+00:41:39,32.88,54.83,1009.00,50.00,500,0.500,5600,36.0,53.0,66.0,YES,YES,LPG_CARRIER_ONLY_VOC:0.500,2447.0,0,5.0,0.050,50
[2025-10-23 17:34:03.938] Boot+00:41:49,32.88,54.83,1009.00,50.00,500,0.500,5600,36.0,53.0,67.0,YES,YES,LPG_CARRIER_ONLY_VOC:0.500,2457.4,0,5.0,0.050,50
[2025-10-23 17:34:13.332] Boot+00:41:59,32.88,54.83,1009.00,50.00,500,0.500,5600,37.0,54.0,68.0,YES,YES,LPG_CARRIER_ONLY_VOC:0.500,2466.8,0,5.0,0.050,50
[2025-10-23 17:34:23.769] Boot+00:42:09,32.88,54.83,1009.00,50.00,500,0.500,5600,37.0,55.0,67.0,YES,YES,LPG_CARRIER_ONLY_VOC:0.500,2477.3,0,5.0,0.050,50
[2025-10-23 17:34:34.210] Boot+00:42:20,32.88,54.83,1009.00,50.00,500,0.500,5600,35.0,54.0,67.0,YES,YES,LPG_CARRIER_ONLY_VOC:0.500,2487.7,0,5.0,0.050,50
[2025-10-23 17:34:43.609] Boot+00:42:29,32.88,54.83,1009.00,50.00,500,0.500,5600,38.0,55.0,68.0,YES,YES,LPG_CARRIER_ONLY_VOC:0.500,2497.1,0,5.0,0.050,50
[2025-10-23 17:34:54.062] Boot+00:42:39,32.88,54.83,1009.00,50.00,500,0.500,5600,37.0,55.0,68.0,YES,YES,LPG_CARRIER_ONLY_VOC:0.500,2507.6,0,5.0,0.050,50
[2025-10-23 17:35:03.444] Boot+00:42:49,32.88,54.83,1009.00,50.00,500,0.500,5600,37.0,56.0,69.0,YES,YES,LPG_CARRIER_ONLY_VOC:0.500,2517.0,0,5.0,0.050,50
[2025-10-23 17:35:13.887] Boot+00:42:59,32.88,54.83,1009.00,50.00,500,0.500,5600,36.0,56.0,68.0,YES,YES,LPG_CARRIER_ONLY_VOC:0.500,2527.4,0,5.0,0.050,50
[2025-10-23 17:35:24.332] Boot+00:43:10,32.88,54.83,1009.00,50.00,500,0.500,5600,35.0,54.0,66.0,YES,YES,LPG_CARRIER_ONLY_VOC:0.500,2537.8,0,5.0,0.050,50
[2025-10-23 17:35:33.731] Boot+00:43:19,32.88,54.83,1009.00,50.00,500,0.500,5600,36.0,55.0,67.0,YES,YES,LPG_CARRIER_ONLY_VOC:0.500,2547.2,0,5.0,0.050,50
[2025-10-23 17:35:44.171] Boot+00:43:30,32.88,54.83,1009.00,50.00,500,0.500,5600,36.0,56.0,69.0,YES,YES,LPG_CARRIER_ONLY_VOC:0.500,2557.7,0,5.0,0.050,50
[2025-10-23 17:35:53.570] Boot+00:43:39,32.88,54.83,1009.00,50.00,500,0.500,5600,36.0,56.0,69.0,YES,YES,LPG_CARRIER_ONLY_VOC:0.500,2567.1,0,5.0,0.050,50
[2025-10-23 17:36:03.993] Boot+00:43:49,32.88,54.83,1009.00,50.00,500,0.500,5600,36.0,56.0,68.0,YES,YES,LPG_CARRIER_ONLY_VOC:0.500,2577.5,0,5.0,0.050,50
[2025-10-23 17:36:14.434] Boot+00:44:00,32.88,54.83,1009.00,50.00,500,0.500,5600,38.0,56.0,68.0,YES,YES,LPG_CARRIER_ONLY_VOC:0.500,2587.9,0,5.0,0.050,50
[2025-10-23 17:36:23.836] Boot+00:44:09,32.88,54.83,1009.00,50.00,500,0.500,5600,37.0,55.0,67.0,YES,YES,LPG_CARRIER_ONLY_VOC:0.500,2597.3,0,5.0,0.050,50
[2025-10-23 17:36:34.271] Boot+00:44:20,32.88,54.83,1009.00,50.00,500,0.500,5600,38.0,56.0,69.0,YES,YES,LPG_CARRIER_ONLY_VOC:0.500,2607.8,0,5.0,0.050,50
[2025-10-23 17:36:43.659] Boot+00:44:29,32.88,54.83,1009.00,50.00,500,0.500,5600,38.0,56.0,68.0,YES,YES,LPG_CARRIER_ONLY_VOC:0.500,2617.2,0,5.0,0.050,50
[2025-10-23 17:36:54.096] Boot+00:44:40,32.88,54.83,1009.00,50.00,500,0.500,5600,38.0,55.0,69.0,YES,YES,LPG_CARRIER_ONLY_VOC:0.500,2627.6,0,5.0,0.050,50
[2025-10-23 17:37:04.542] Boot+00:44:50,32.88,54.83,1009.00,50.00,500,0.500,5600,37.0,53.0,67.0,YES,YES,LPG_CARRIER_ONLY_VOC:0.500,2638.0,0,5.0,0.050,50
[2025-10-23 17:37:13.941] Boot+00:44:59,32.88,54.83,1009.00,50.00,500,0.500,5600,37.0,53.0,67.0,YES,YES,LPG_CARRIER_ONLY_VOC:0.500,2647.4,0,5.0,0.050,50
[2025-10-23 17:37:24.369] Boot+00:45:10,32.88,54.83,1009.00,50.00,500,0.500,5600,37.0,54.0,67.0,YES,YES,LPG_CARRIER_ONLY_VOC:0.500,2657.9,0,5.0,0.050,50
[2025-10-23 17:37:34.815] Boot+00:45:20,32.88,54.83,1009.00,50.00,500,0.500,5600,37.0,55.0,67.0,YES,YES,LPG_CARRIER_ONLY_VOC:0.500,2668.3,0,5.0,0.050,50
[2025-10-23 17:37:44.210] Boot+00:45:30,32.88,54.83,1009.00,50.00,500,0.500,5600,37.0,57.0,68.0,YES,YES,LPG_CARRIER_ONLY_VOC:0.500,2677.7,0,5.0,0.050,50
[2025-10-23 17:37:54.660] Boot+00:45:40,32.88,54.83,1009.00,50.00,500,0.500,5600,37.0,58.0,70.0,YES,YES,LPG_CARRIER_ONLY_VOC:0.500,2688.2,0,5.0,0.050,50
[2025-10-23 17:38:04.051] Boot+00:45:49,32.88,54.83,1009.00,50.00,500,0.500,5600,38.0,58.0,69.0,YES,YES,LPG_CARRIER_ONLY_VOC:0.500,2697.5,0,5.0,0.050,50
[2025-10-23 17:38:14.487] Boot+00:46:00,32.87,55.10,1009.00,50.00,500,0.500,5600,37.0,55.0,68.0,YES,YES,LPG_CARRIER_ONLY_VOC:0.500,2708.0,0,5.0,0.050,50
[2025-10-23 17:38:24.918] Boot+00:46:10,32.87,55.10,1009.00,50.00,500,0.500,5600,37.0,55.0,68.0,YES,YES,LPG_CARRIER_ONLY_VOC:0.500,2718.4,0,5.0,0.050,50
[2025-10-23 17:38:34.319] Boot+00:46:20,32.87,55.10,1009.00,50.00,500,0.500,5600,35.0,54.0,67.0,YES,YES,LPG_CARRIER_ONLY_VOC:0.500,2727.8,0,5.0,0.050,50
[2025-10-23 17:38:44.761] Boot+00:46:30,32.87,55.10,1009.00,50.00,500,0.500,5600,37.0,56.0,69.0,YES,YES,LPG_CARRIER_ONLY_VOC:0.500,2738.3,0,5.0,0.050,50
[2025-10-23 17:38:54.161] Boot+00:46:40,32.87,55.10,1009.00,50.00,500,0.500,5600,37.0,56.0,69.0,YES,YES,LPG_CARRIER_ONLY_VOC:0.500,2747.7,0,5.0,0.050,50
[2025-10-23 17:39:04.597] Boot+00:46:50,32.87,55.10,1009.00,50.00,500,0.500,5600,38.0,55.0,67.0,YES,YES,LPG_CARRIER_ONLY_VOC:0.500,2758.1,0,5.0,0.050,50
[2025-10-23 17:39:15.030] Boot+00:47:00,32.87,55.10,1009.00,50.00,500,0.500,5600,40.0,56.0,68.0,YES,YES,LPG_CARRIER_ONLY_VOC:0.500,2768.5,0,5.0,0.050,50
[2025-10-23 17:39:24.431] Boot+00:47:10,32.87,55.10,1009.00,50.00,500,0.500,5600,39.0,56.0,69.0,YES,YES,LPG_CARRIER_ONLY_VOC:0.500,2777.9,0,5.0,0.050,50
[2025-10-23 17:39:34.870] Boot+00:47:20,32.87,55.10,1009.00,50.00,500,0.500,5600,39.0,56.0,68.0,YES,YES,LPG_CARRIER_ONLY_VOC:0.500,2788.4,0,5.0,0.050,50
[2025-10-23 17:39:44.265] Boot+00:47:30,32.87,55.10,1009.00,50.00,500,0.500,5600,38.0,56.0,69.0,YES,YES,LPG_CARRIER_ONLY_VOC:0.500,2797.8,0,5.0,0.050,50
[2025-10-23 17:39:54.693] Boot+00:47:40,32.87,55.10,1009.00,50.00,500,0.500,5600,37.0,57.0,68.0,YES,YES,LPG_CARRIER_ONLY_VOC:0.500,2808.2,0,5.0,0.050,50
[2025-10-23 17:40:05.139] Boot+00:47:51,32.87,55.10,1009.00,50.00,500,0.500,5600,37.0,55.0,69.0,YES,YES,LPG_CARRIER_ONLY_VOC:0.500,2818.6,0,5.0,0.050,50
[2025-10-23 17:40:14.532] Boot+00:48:00,32.87,55.10,1009.00,50.00,500,0.500,5600,38.0,57.0,70.0,YES,YES,LPG_CARRIER_ONLY_VOC:0.500,2828.0,0,5.0,0.050,50
[2025-10-23 17:40:24.970] Boot+00:48:10,32.87,55.10,1009.00,50.00,500,0.500,5600,37.0,55.0,68.0,YES,YES,LPG_CARRIER_ONLY_VOC:0.500,2838.5,0,5.0,0.050,50
[2025-10-23 17:40:35.407] Boot+00:48:21,32.87,55.10,1009.00,50.00,500,0.500,5600,38.0,56.0,69.0,YES,YES,LPG_CARRIER_ONLY_VOC:0.500,2848.9,0,5.0,0.050,50
[2025-10-23 17:40:44.805] Boot+00:48:30,32.87,55.10,1009.00,50.00,500,0.500,5600,38.0,57.0,69.0,YES,YES,LPG_CARRIER_ONLY_VOC:0.500,2858.3,0,5.0,0.050,50
[2025-10-23 17:40:55.241] Boot+00:48:41,32.87,55.10,1009.00,50.00,500,0.500,5600,37.0,54.0,67.0,YES,YES,LPG_CARRIER_ONLY_VOC:0.500,2868.7,0,5.0,0.050,50
[2025-10-23 17:41:04.644] Boot+00:48:50,32.87,55.10,1009.00,50.00,500,0.500,5600,36.0,53.0,66.0,YES,YES,LPG_CARRIER_ONLY_VOC:0.500,2878.1,0,5.0,0.050,50
[2025-10-23 17:41:15.077] Boot+00:49:00,32.87,55.10,1009.00,50.00,500,0.500,5600,37.0,54.0,67.0,YES,YES,LPG_CARRIER_ONLY_VOC:0.500,2888.6,0,5.0,0.050,50
[2025-10-23 17:41:25.517] Boot+00:49:11,32.87,55.10,1009.00,50.00,500,0.500,5600,37.0,55.0,68.0,YES,YES,LPG_CARRIER_ONLY_VOC:0.500,2899.0,0,5.0,0.050,50
[2025-10-23 17:41:34.912] Boot+00:49:20,32.87,55.10,1009.00,50.00,500,0.500,5600,39.0,56.0,69.0,YES,YES,LPG_CARRIER_ONLY_VOC:0.500,2908.4,0,5.0,0.050,50
[2025-10-23 17:41:45.353] Boot+00:49:31,32.87,55.10,1009.00,50.00,500,0.500,5600,37.0,54.0,68.0,YES,YES,LPG_CARRIER_ONLY_VOC:0.500,2918.8,0,5.0,0.050,50
[2025-10-23 17:41:55.779] Boot+00:49:41,32.87,55.10,1009.00,50.00,500,0.500,5600,38.0,58.0,70.0,YES,YES,LPG_CARRIER_ONLY_VOC:0.500,2929.3,0,5.0,0.050,50
[2025-10-23 17:42:05.186] Boot+00:49:51,32.87,55.10,1009.00,50.00,500,0.500,5600,37.0,57.0,68.0,YES,YES,LPG_CARRIER_ONLY_VOC:0.500,2938.7,0,5.0,0.050,50
[2025-10-23 17:42:15.614] Boot+00:50:01,32.87,55.10,1009.00,50.00,500,0.500,5600,39.0,58.0,69.0,YES,YES,LPG_CARRIER_ONLY_VOC:0.500,2949.1,0,5.0,0.050,50
[2025-10-23 17:42:25.014] Boot+00:50:10,32.87,55.10,1009.00,50.00,500,0.500,5600,40.0,58.0,71.0,YES,YES,LPG_CARRIER_ONLY_VOC:0.500,2958.5,0,5.0,0.050,50
[2025-10-23 17:42:35.450] Boot+00:50:21,32.87,55.10,1009.00,50.00,500,0.500,5600,39.0,58.0,70.0,YES,YES,LPG_CARRIER_ONLY_VOC:0.500,2969.0,0,5.0,0.050,50
[2025-10-23 17:42:45.887] Boot+00:50:31,32.87,55.10,1009.00,50.00,500,0.500,5600,38.0,59.0,70.0,YES,YES,LPG_CARRIER_ONLY_VOC:0.500,2979.4,0,5.0,0.050,50
[2025-10-23 17:42:55.293] Boot+00:50:41,32.87,55.10,1009.00,50.00,500,0.500,5600,38.0,59.0,71.0,YES,YES,LPG_CARRIER_ONLY_VOC:0.500,2988.8,0,5.0,0.050,50
[2025-10-23 17:43:05.726] Boot+00:50:51,32.90,55.26,1009.00,50.00,500,0.500,5600,38.0,58.0,72.0,YES,YES,LPG_CARRIER_ONLY_VOC:0.500,2999.2,0,5.0,0.050,50
[2025-10-23 17:43:15.134] Boot+00:51:01,32.90,55.26,1009.00,50.00,500,0.500,5600,37.0,55.0,69.0,YES,YES,LPG_CARRIER_ONLY_VOC:0.500,3008.6,0,5.0,0.050,50
[2025-10-23 17:43:25.571] Boot+00:51:11,32.90,55.26,1009.00,50.00,500,0.500,5600,38.0,55.0,69.0,YES,YES,LPG_CARRIER_ONLY_VOC:0.500,3019.1,0,5.0,0.050,50
[2025-10-23 17:43:36.013] Boot+00:51:21,32.90,55.26,1009.00,50.00,500,0.500,5600,38.0,56.0,69.0,YES,YES,LPG_CARRIER_ONLY_VOC:0.500,3029.5,0,5.0,0.050,50
[2025-10-23 17:43:45.401] Boot+00:51:31,32.90,55.26,1009.00,50.00,500,0.500,5600,36.0,55.0,69.0,YES,YES,LPG_CARRIER_ONLY_VOC:0.500,3038.9,0,5.0,0.050,50
[2025-10-23 17:43:55.854] Boot+00:51:41,32.90,55.26,1009.00,50.00,500,0.500,5600,38.0,55.0,70.0,YES,YES,LPG_CARRIER_ONLY_VOC:0.500,3049.3,0,5.0,0.050,50
[2025-10-23 17:44:05.238] Boot+00:51:51,32.90,55.26,1009.00,50.00,500,0.500,5600,37.0,53.0,68.0,YES,YES,LPG_CARRIER_ONLY_VOC:0.500,3058.7,0,5.0,0.050,50
[2025-10-23 17:44:15.687] Boot+00:52:01,32.90,55.26,1009.00,50.00,500,0.500,5600,36.0,54.0,68.0,YES,YES,LPG_CARRIER_ONLY_VOC:0.500,3069.2,0,5.0,0.050,50
[2025-10-23 17:44:26.133] Boot+00:52:12,32.90,55.26,1009.00,50.00,500,0.500,5600,37.0,54.0,69.0,YES,YES,LPG_CARRIER_ONLY_VOC:0.500,3079.6,0,5.0,0.050,50
[2025-10-23 17:44:35.528] Boot+00:52:21,32.90,55.26,1009.00,50.00,500,0.500,5600,37.0,54.0,67.0,YES,YES,LPG_CARRIER_ONLY_VOC:0.500,3089.0,0,5.0,0.050,50
[2025-10-23 17:44:45.970] Boot+00:52:31,32.90,55.26,1009.00,50.00,500,0.500,5600,38.0,54.0,67.0,YES,YES,LPG_CARRIER_ONLY_VOC:0.500,3099.5,0,5.0,0.050,50
[2025-10-23 17:44:55.363] Boot+00:52:41,32.90,55.26,1009.00,50.00,500,0.500,5600,37.0,52.0,65.0,YES,YES,LPG_CARRIER_ONLY_VOC:0.500,3108.9,0,5.0,0.050,50
[2025-10-23 17:45:05.798] Boot+00:52:51,32.90,55.26,1009.00,50.00,500,0.500,5600,37.0,53.0,66.0,YES,YES,LPG_CARRIER_ONLY_VOC:0.500,3119.3,0,5.0,0.050,50
[2025-10-23 17:45:16.242] Boot+00:53:02,32.90,55.26,1009.00,50.00,500,0.500,5600,38.0,56.0,69.0,YES,YES,LPG_CARRIER_ONLY_VOC:0.500,3129.7,0,5.0,0.050,50
[2025-10-23 17:45:25.637] Boot+00:53:11,32.90,55.26,1009.00,50.00,500,0.500,5600,37.0,55.0,68.0,YES,YES,LPG_CARRIER_ONLY_VOC:0.500,3139.1,0,5.0,0.050,50
[2025-10-23 17:45:36.082] Boot+00:53:21,32.90,55.26,1009.00,50.00,500,0.500,5600,38.0,56.0,68.0,YES,YES,LPG_CARRIER_ONLY_VOC:0.500,3149.6,0,5.0,0.050,50
[2025-10-23 17:45:46.512] Boot+00:53:32,32.90,55.26,1009.00,50.00,500,0.500,5600,37.0,56.0,68.0,YES,YES,LPG_CARRIER_ONLY_VOC:0.500,3160.0,0,5.0,0.050,50
[2025-10-23 17:45:55.915] Boot+00:53:41,32.90,55.26,1009.00,50.00,500,0.500,5600,39.0,57.0,69.0,YES,YES,LPG_CARRIER_ONLY_VOC:0.500,3169.4,0,5.0,0.050,50
[2025-10-23 17:46:06.365] Boot+00:53:52,32.90,55.26,1009.00,50.00,500,0.500,5600,38.0,56.0,69.0,YES,YES,LPG_CARRIER_ONLY_VOC:0.500,3179.9,0,5.0,0.050,50
[2025-10-23 17:46:15.770] Boot+00:54:01,32.90,55.26,1009.00,50.00,500,0.500,5600,38.0,57.0,70.0,YES,YES,LPG_CARRIER_ONLY_VOC:0.500,3189.3,0,5.0,0.050,50
[2025-10-23 17:46:26.195] Boot+00:54:12,32.90,55.26,1009.00,50.00,500,0.500,5600,38.0,58.0,70.0,YES,YES,LPG_CARRIER_ONLY_VOC:0.500,3199.7,0,5.0,0.050,50
[2025-10-23 17:46:36.639] Boot+00:54:22,32.90,55.26,1009.00,50.00,500,0.500,5600,40.0,59.0,70.0,YES,YES,LPG_CARRIER_ONLY_VOC:0.500,3210.1,0,5.0,0.050,50
[2025-10-23 17:46:46.046] Boot+00:54:31,32.90,55.26,1009.00,50.00,500,0.500,5600,38.0,57.0,68.0,YES,YES,LPG_CARRIER_ONLY_VOC:0.500,3219.5,0,5.0,0.050,50
[2025-10-23 17:46:56.484] Boot+00:54:42,32.90,55.26,1009.00,50.00,500,0.500,5600,38.0,58.0,70.0,YES,YES,LPG_CARRIER_ONLY_VOC:0.500,3230.0,0,5.0,0.050,50
[2025-10-23 17:47:05.886] Boot+00:54:51,32.90,55.26,1009.00,50.00,500,0.500,5600,38.0,56.0,68.0,YES,YES,LPG_CARRIER_ONLY_VOC:0.500,3239.4,0,5.0,0.050,50
[2025-10-23 17:47:16.326] Boot+00:55:02,32.90,55.26,1009.00,50.00,500,0.500,5600,38.0,56.0,67.0,YES,YES,LPG_CARRIER_ONLY_VOC:0.500,3249.8,0,5.0,0.050,50
[2025-10-23 17:47:26.775] Boot+00:55:12,32.90,55.26,1009.00,50.00,500,0.500,5600,37.0,56.0,68.0,YES,YES,LPG_CARRIER_ONLY_VOC:0.500,3260.3,0,5.0,0.050,50
[2025-10-23 17:47:36.178] Boot+00:55:22,32.90,55.26,1009.00,50.00,500,0.500,5600,37.0,56.0,68.0,YES,YES,LPG_CARRIER_ONLY_VOC:0.500,3269.7,0,5.0,0.050,50
[2025-10-23 17:47:46.625] Boot+00:55:32,32.90,55.26,1009.00,50.00,500,0.500,5600,38.0,56.0,69.0,YES,YES,LPG_CARRIER_ONLY_VOC:0.500,3280.1,0,5.0,0.050,50
[2025-10-23 17:47:56.015] Boot+00:55:41,32.90,55.26,1009.00,50.00,500,0.500,5600,40.0,57.0,70.0,YES,YES,LPG_CARRIER_ONLY_VOC:0.500,3289.5,0,5.0,0.050,50
[2025-10-23 17:48:06.464] Boot+00:55:52,32.90,55.55,1009.00,50.00,500,0.500,5600,39.0,56.0,70.0,YES,YES,LPG_CARRIER_ONLY_VOC:0.500,3300.0,0,5.0,0.050,50
[2025-10-23 17:48:16.907] Boot+00:56:02,32.90,55.55,1009.00,50.00,500,0.500,5600,40.0,57.0,70.0,YES,YES,LPG_CARRIER_ONLY_VOC:0.500,3310.4,0,5.0,0.050,50
[2025-10-23 17:48:26.307] Boot+00:56:12,32.90,55.55,1009.00,50.00,500,0.500,5600,39.0,57.0,69.0,YES,YES,LPG_CARRIER_ONLY_VOC:0.500,3319.8,0,5.0,0.050,50
[2025-10-23 17:48:36.753] Boot+00:56:22,32.90,55.55,1009.00,50.00,500,0.500,5600,38.0,55.0,68.0,YES,YES,LPG_CARRIER_ONLY_VOC:0.500,3330.2,0,5.0,0.050,50
[2025-10-23 17:48:46.149] Boot+00:56:32,32.90,55.55,1009.00,50.00,500,0.500,5600,39.0,58.0,70.0,YES,YES,LPG_CARRIER_ONLY_VOC:0.500,3339.6,0,5.0,0.050,50
[2025-10-23 17:48:56.586] Boot+00:56:42,32.90,55.55,1009.00,50.00,500,0.500,5600,37.0,55.0,68.0,YES,YES,LPG_CARRIER_ONLY_VOC:0.500,3350.1,0,5.0,0.050,50
[2025-10-23 17:49:07.035] Boot+00:56:52,32.90,55.55,1009.00,50.00,500,0.500,5600,37.0,53.0,67.0,YES,YES,LPG_CARRIER_ONLY_VOC:0.500,3360.5,0,5.0,0.050,50
[2025-10-23 17:49:16.431] Boot+00:57:02,32.90,55.55,1009.00,50.00,500,0.500,5600,38.0,55.0,68.0,YES,YES,LPG_CARRIER_ONLY_VOC:0.500,3369.9,0,5.0,0.050,50
[2025-10-23 17:49:26.879] Boot+00:57:12,32.90,55.55,1009.00,50.00,500,0.500,5600,39.0,57.0,69.0,YES,YES,LPG_CARRIER_ONLY_VOC:0.500,3380.4,0,5.0,0.050,50
[2025-10-23 17:49:36.280] Boot+00:57:22,32.90,55.55,1009.00,50.00,500,0.500,5600,39.0,58.0,69.0,YES,YES,LPG_CARRIER_ONLY_VOC:0.500,3389.8,0,5.0,0.050,50
[2025-10-23 17:49:46.721] Boot+00:57:32,32.90,55.55,1009.00,50.00,500,0.500,5600,39.0,56.0,69.0,YES,YES,LPG_CARRIER_ONLY_VOC:0.500,3400.2,0,5.0,0.050,50
[2025-10-23 17:49:57.161] Boot+00:57:43,32.90,55.55,1009.00,50.00,500,0.500,5600,39.0,57.0,69.0,YES,YES,LPG_CARRIER_ONLY_VOC:0.500,3410.7,0,5.0,0.050,50
[2025-10-23 17:50:06.559] Boot+00:57:52,32.90,55.55,1009.00,50.00,500,0.500,5600,39.0,59.0,72.0,YES,YES,LPG_CARRIER_ONLY_VOC:0.500,3420.0,0,5.0,0.050,50
[2025-10-23 17:50:16.998] Boot+00:58:02,32.90,55.55,1009.00,50.00,500,0.500,5600,38.0,57.0,71.0,YES,YES,LPG_CARRIER_ONLY_VOC:0.500,3430.5,0,5.0,0.050,50
[2025-10-23 17:50:26.394] Boot+00:58:12,32.90,55.55,1009.00,50.00,500,0.500,5600,39.0,60.0,72.0,YES,YES,LPG_CARRIER_ONLY_VOC:0.500,3439.9,0,5.0,0.050,50
[2025-10-23 17:50:36.836] Boot+00:58:22,32.90,55.55,1009.00,50.00,500,0.500,5600,39.0,58.0,70.0,YES,YES,LPG_CARRIER_ONLY_VOC:0.500,3450.3,0,5.0,0.050,50
[2025-10-23 17:50:47.278] Boot+00:58:33,32.90,55.55,1009.00,50.00,500,0.500,5600,41.0,59.0,71.0,YES,YES,LPG_CARRIER_ONLY_VOC:0.500,3460.8,0,5.0,0.050,50
[2025-10-23 17:50:56.673] Boot+00:58:42,32.90,55.55,1009.00,50.00,500,0.500,5600,40.0,59.0,69.0,YES,YES,LPG_CARRIER_ONLY_VOC:0.500,3470.2,0,5.0,0.050,50
[2025-10-23 17:51:07.119] Boot+00:58:53,32.90,55.55,1009.00,50.00,500,0.500,5600,40.0,57.0,68.0,YES,YES,LPG_CARRIER_ONLY_VOC:0.500,3480.6,0,5.0,0.050,50
[2025-10-23 17:51:16.527] Boot+00:59:02,32.90,55.55,1009.00,50.00,500,0.500,5600,40.0,58.0,69.0,YES,YES,LPG_CARRIER_ONLY_VOC:0.500,3490.0,0,5.0,0.050,50
[2025-10-23 17:51:26.961] Boot+00:59:12,32.90,55.55,1009.00,50.00,500,0.500,5600,40.0,58.0,70.0,YES,YES,LPG_CARRIER_ONLY_VOC:0.500,3500.5,0,5.0,0.050,50
[2025-10-23 17:51:37.414] Boot+00:59:23,32.90,55.55,1009.00,50.00,500,0.500,5600,40.0,58.0,71.0,YES,YES,LPG_CARRIER_ONLY_VOC:0.500,3510.9,0,5.0,0.050,50
[2025-10-23 17:51:46.806] Boot+00:59:32,32.90,55.55,1009.00,50.00,500,0.500,5600,39.0,57.0,69.0,YES,YES,LPG_CARRIER_ONLY_VOC:0.500,3520.3,0,5.0,0.050,50
[2025-10-23 17:51:57.245] Boot+00:59:43,32.90,55.55,1009.00,50.00,500,0.500,5600,40.0,58.0,70.0,YES,YES,LPG_CARRIER_ONLY_VOC:0.500,3530.7,0,5.0,0.050,50
[2025-10-23 17:52:00.849] 
[2025-10-23 17:52:00.849] === SPIKE HISTORY ===
[2025-10-23 17:52:00.850] 💾 Baseline state saved to EEPROM
[2025-10-23 17:52:00.850] 💾 SAVED - IAQ: 5.0, VOC: 0.050 ppm, CO2: 50 ppm
[2025-10-23 17:52:06.621] PMS7003: Unknown error
[2025-10-23 17:52:06.621] Boot+00:59:52,32.90,55.55,1009.00,50.00,500,0.500,5600,40.0,58.0,70.0,YES,YES,LPG_CARRIER_ONLY_VOC:0.500,3540.1,0,5.0,0.050,50
[2025-10-23 17:52:17.086] Boot+01:00:02,32.90,55.55,1009.00,50.00,500,0.500,5600,41.0,61.0,72.0,YES,YES,LPG_CARRIER_ONLY_VOC:0.500,3550.6,0,5.0,0.050,50
[2025-10-23 17:52:27.531] Boot+01:00:13,32.90,55.55,1009.00,50.00,500,0.500,5600,39.0,59.0,70.0,YES,YES,LPG_CARRIER_ONLY_VOC:0.500,3561.0,0,5.0,0.050,50
[2025-10-23 17:52:36.928] Boot+01:00:22,32.90,55.55,1009.00,50.00,500,0.500,5600,40.0,58.0,70.0,YES,YES,LPG_CARRIER_ONLY_VOC:0.500,3570.4,0,5.0,0.050,50
[2025-10-23 17:52:47.372] Boot+01:00:33,32.90,55.55,1009.00,50.00,500,0.500,5600,40.0,59.0,70.0,YES,YES,LPG_CARRIER_ONLY_VOC:0.500,3580.9,0,5.0,0.050,50
[2025-10-23 17:52:57.810] Boot+01:00:43,32.90,55.55,1009.00,50.00,500,0.500,5600,39.0,58.0,70.0,YES,YES,LPG_CARRIER_ONLY_VOC:0.500,3591.3,0,5.0,0.050,50
[2025-10-23 17:53:07.202] Boot+01:00:53,32.95,55.47,1009.00,50.00,500,0.500,5600,40.0,58.0,70.0,YES,YES,LPG_CARRIER_ONLY_VOC:0.500,3600.7,0,5.0,0.050,50
[2025-10-23 17:53:17.642] Boot+01:01:03,32.95,55.47,1009.00,50.00,500,0.500,5600,40.0,60.0,71.0,YES,YES,LPG_CARRIER_ONLY_VOC:0.500,3611.1,0,5.0,0.050,50
[2025-10-23 17:53:27.050] Boot+01:01:12,32.95,55.47,1009.00,50.00,500,0.500,5600,40.0,61.0,72.0,YES,YES,LPG_CARRIER_ONLY_VOC:0.500,3620.5,0,5.0,0.050,50
[2025-10-23 17:53:37.494] Boot+01:01:23,32.95,55.47,1009.00,50.00,500,0.500,5600,40.0,59.0,71.0,YES,YES,LPG_CARRIER_ONLY_VOC:0.500,3631.0,0,5.0,0.050,50
[2025-10-23 17:53:47.923] Boot+01:01:33,32.95,55.47,1009.00,50.00,500,0.500,5600,40.0,59.0,73.0,YES,YES,LPG_CARRIER_ONLY_VOC:0.500,3641.4,0,5.0,0.050,50
[2025-10-23 17:53:57.331] Boot+01:01:43,32.95,55.47,1009.00,50.00,500,0.500,5600,40.0,59.0,73.0,YES,YES,LPG_CARRIER_ONLY_VOC:0.500,3650.8,0,5.0,0.050,50
[2025-10-23 17:54:07.769] Boot+01:01:53,32.95,55.47,1009.00,50.00,500,0.500,5600,38.0,55.0,69.0,YES,YES,LPG_CARRIER_ONLY_VOC:0.500,3661.3,0,5.0,0.050,50
[2025-10-23 17:54:17.163] Boot+01:02:03,32.95,55.47,1009.00,50.00,500,0.500,5600,38.0,56.0,68.0,YES,YES,LPG_CARRIER_ONLY_VOC:0.500,3670.7,0,5.0,0.050,50
[2025-10-23 17:54:27.602] Boot+01:02:13,32.95,55.47,1009.00,50.00,500,0.500,5600,40.0,58.0,70.0,YES,YES,LPG_CARRIER_ONLY_VOC:0.500,3681.1,0,5.0,0.050,50
[2025-10-23 17:54:38.044] Boot+01:02:23,32.95,55.47,1009.00,50.00,500,0.500,5600,39.0,57.0,69.0,YES,YES,LPG_CARRIER_ONLY_VOC:0.500,3691.5,0,5.0,0.050,50
[2025-10-23 17:54:47.449] Boot+01:02:33,32.95,55.47,1009.00,50.00,500,0.500,5600,40.0,58.0,69.0,YES,YES,LPG_CARRIER_ONLY_VOC:0.500,3700.9,0,5.0,0.050,50
[2025-10-23 17:54:57.884] Boot+01:02:43,32.95,55.47,1009.00,50.00,500,0.500,5600,38.0,57.0,68.0,YES,YES,LPG_CARRIER_ONLY_VOC:0.500,3711.4,0,5.0,0.050,50
[2025-10-23 17:55:07.279] Boot+01:02:53,32.95,55.47,1009.00,50.00,500,0.500,5600,40.0,58.0,69.0,YES,YES,LPG_CARRIER_ONLY_VOC:0.500,3720.8,0,5.0,0.050,50
[2025-10-23 17:55:17.723] Boot+01:03:03,32.95,55.47,1009.00,50.00,500,0.500,5600,40.0,58.0,68.0,YES,YES,LPG_CARRIER_ONLY_VOC:0.500,3731.2,0,5.0,0.050,50
[2025-10-23 17:55:28.164] Boot+01:03:14,32.95,55.47,1009.00,50.00,500,0.500,5600,38.0,56.0,68.0,YES,YES,LPG_CARRIER_ONLY_VOC:0.500,3741.7,0,5.0,0.050,50
[2025-10-23 17:55:37.551] Boot+01:03:23,32.95,55.47,1009.00,50.00,500,0.500,5600,38.0,57.0,69.0,YES,YES,LPG_CARRIER_ONLY_VOC:0.500,3751.1,0,5.0,0.050,50
[2025-10-23 17:55:48.001] Boot+01:03:33,32.95,55.47,1009.00,50.00,500,0.500,5600,40.0,60.0,71.0,YES,YES,LPG_CARRIER_ONLY_VOC:0.500,3761.5,0,5.0,0.050,50
[2025-10-23 17:55:57.387] Boot+01:03:43,32.95,55.47,1009.00,50.00,500,0.500,5600,39.0,58.0,70.0,YES,YES,LPG_CARRIER_ONLY_VOC:0.500,3770.9,0,5.0,0.050,50
[2025-10-23 17:56:07.835] Boot+01:03:53,32.95,55.47,1009.00,50.00,500,0.500,5600,40.0,59.0,70.0,YES,YES,LPG_CARRIER_ONLY_VOC:0.500,3781.3,0,5.0,0.050,50
[2025-10-23 17:56:18.274] Boot+01:04:04,32.95,55.47,1009.00,50.00,500,0.500,5600,39.0,58.0,70.0,YES,YES,LPG_CARRIER_ONLY_VOC:0.500,3791.8,0,5.0,0.050,50
[2025-10-23 17:56:27.669] Boot+01:04:13,32.95,55.47,1009.00,50.00,500,0.500,5600,40.0,58.0,70.0,YES,YES,LPG_CARRIER_ONLY_VOC:0.500,3801.2,0,5.0,0.050,50
[2025-10-23 17:56:38.112] Boot+01:04:24,32.95,55.47,1009.00,50.00,500,0.500,5600,40.0,57.0,69.0,YES,YES,LPG_CARRIER_ONLY_VOC:0.500,3811.6,0,5.0,0.050,50
[2025-10-23 17:56:48.550] Boot+01:04:34,32.95,55.47,1009.00,50.00,500,0.500,5600,40.0,59.0,70.0,YES,YES,LPG_CARRIER_ONLY_VOC:0.500,3822.0,0,5.0,0.050,50
[2025-10-23 17:56:57.945] Boot+01:04:43,32.95,55.47,1009.00,50.00,500,0.500,5600,39.0,58.0,68.0,YES,YES,LPG_CARRIER_ONLY_VOC:0.500,3831.4,0,5.0,0.050,50
[2025-10-23 17:57:08.390] Boot+01:04:54,32.95,55.47,1009.00,50.00,500,0.500,5600,40.0,59.0,70.0,YES,YES,LPG_CARRIER_ONLY_VOC:0.500,3841.9,0,5.0,0.050,50
[2025-10-23 17:57:17.779] Boot+01:05:03,32.95,55.47,1009.00,50.00,500,0.500,5600,39.0,58.0,70.0,YES,YES,LPG_CARRIER_ONLY_VOC:0.500,3851.3,0,5.0,0.050,50
[2025-10-23 17:57:28.226] Boot+01:05:14,32.95,55.47,1009.00,50.00,500,0.500,5600,40.0,59.0,70.0,YES,YES,LPG_CARRIER_ONLY_VOC:0.500,3861.7,0,5.0,0.050,50
[2025-10-23 17:57:38.664] Boot+01:05:24,32.95,55.47,1009.00,50.00,500,0.500,5600,40.0,60.0,71.0,YES,YES,LPG_CARRIER_ONLY_VOC:0.500,3872.2,0,5.0,0.050,50
[2025-10-23 17:57:48.065] Boot+01:05:33,32.95,55.47,1009.00,50.00,500,0.500,5600,40.0,60.0,71.0,YES,YES,LPG_CARRIER_ONLY_VOC:0.500,3881.6,0,5.0,0.050,50
[2025-10-23 17:57:58.511] Boot+01:05:44,32.95,55.47,1009.00,50.00,500,0.500,5600,40.0,60.0,72.0,YES,YES,LPG_CARRIER_ONLY_VOC:0.500,3892.0,0,5.0,0.050,50
[2025-10-23 17:58:07.908] Boot+01:05:53,33.05,55.57,1009.00,50.00,500,0.500,5600,40.0,59.0,70.0,YES,YES,LPG_CARRIER_ONLY_VOC:0.500,3901.4,0,5.0,0.050,50
[2025-10-23 17:58:18.366] Boot+01:06:04,33.05,55.57,1009.00,50.00,500,0.500,5600,42.0,62.0,73.0,YES,YES,LPG_CARRIER_ONLY_VOC:0.500,3911.9,0,5.0,0.050,50
[2025-10-23 17:58:28.806] Boot+01:06:14,33.05,55.57,1009.00,50.00,500,0.500,5600,41.0,60.0,71.0,YES,YES,LPG_CARRIER_ONLY_VOC:0.500,3922.3,0,5.0,0.050,50
[2025-10-23 17:58:38.209] Boot+01:06:24,33.05,55.57,1009.00,50.00,500,0.500,5600,39.0,59.0,69.0,YES,YES,LPG_CARRIER_ONLY_VOC:0.500,3931.7,0,5.0,0.050,50
[2025-10-23 17:58:48.655] Boot+01:06:34,33.05,55.57,1009.00,50.00,500,0.500,5600,39.0,58.0,70.0,YES,YES,LPG_CARRIER_ONLY_VOC:0.500,3942.1,0,5.0,0.050,50
[2025-10-23 17:58:58.046] Boot+01:06:43,33.05,55.57,1009.00,50.00,500,0.500,5600,40.0,59.0,71.0,YES,YES,LPG_CARRIER_ONLY_VOC:0.500,3951.5,0,5.0,0.050,50
[2025-10-23 17:59:08.497] Boot+01:06:54,33.05,55.57,1009.00,50.00,500,0.500,5600,41.0,60.0,71.0,YES,YES,LPG_CARRIER_ONLY_VOC:0.500,3962.0,0,5.0,0.050,50
[2025-10-23 17:59:18.937] Boot+01:07:04,33.05,55.57,1009.00,50.00,500,0.500,5600,41.0,60.0,72.0,YES,YES,LPG_CARRIER_ONLY_VOC:0.500,3972.4,0,5.0,0.050,50
[2025-10-23 17:59:28.339] Boot+01:07:14,33.05,55.57,1009.00,50.00,500,0.500,5600,41.0,59.0,71.0,YES,YES,LPG_CARRIER_ONLY_VOC:0.500,3981.8,0,5.0,0.050,50
[2025-10-23 17:59:38.778] Boot+01:07:24,33.05,55.57,1009.00,50.00,500,0.500,5600,41.0,60.0,71.0,YES,YES,LPG_CARRIER_ONLY_VOC:0.500,3992.3,0,5.0,0.050,50
[2025-10-23 17:59:48.189] Boot+01:07:34,33.05,55.57,1009.00,50.00,500,0.500,5600,40.0,58.0,70.0,YES,YES,LPG_CARRIER_ONLY_VOC:0.500,4001.7,0,5.0,0.050,50
[2025-10-23 17:59:58.633] Boot+01:07:44,33.05,55.57,1009.00,50.00,500,0.500,5600,40.0,58.0,70.0,YES,YES,LPG_CARRIER_ONLY_VOC:0.500,4012.1,0,5.0,0.050,50
[2025-10-23 18:00:09.077] Boot+01:07:54,33.05,55.57,1009.00,50.00,500,0.500,5600,41.0,57.0,69.0,YES,YES,LPG_CARRIER_ONLY_VOC:0.500,4022.6,0,5.0,0.050,50
[2025-10-23 18:00:18.479] Boot+01:08:04,33.05,55.57,1009.00,50.00,500,0.500,5600,40.0,55.0,69.0,YES,YES,LPG_CARRIER_ONLY_VOC:0.500,4032.0,0,5.0,0.050,50
[2025-10-23 18:00:28.916] Boot+01:08:14,33.05,55.57,1009.00,50.00,500,0.500,5600,40.0,57.0,70.0,YES,YES,LPG_CARRIER_ONLY_VOC:0.500,4042.4,0,5.0,0.050,50
[2025-10-23 18:00:38.321] Boot+01:08:24,33.05,55.57,1009.00,50.00,500,0.500,5600,39.0,57.0,69.0,YES,YES,LPG_CARRIER_ONLY_VOC:0.500,4051.8,0,5.0,0.050,50
[2025-10-23 18:00:48.765] Boot+01:08:34,33.05,55.57,1009.00,50.00,500,0.500,5600,39.0,58.0,69.0,YES,YES,LPG_CARRIER_ONLY_VOC:0.500,4062.3,0,5.0,0.050,50
[2025-10-23 18:00:59.215] Boot+01:08:45,33.05,55.57,1009.00,50.00,500,0.500,5600,40.0,58.0,70.0,YES,YES,LPG_CARRIER_ONLY_VOC:0.500,4072.7,0,5.0,0.050,50
[2025-10-23 18:01:08.613] Boot+01:08:54,33.05,55.57,1009.00,50.00,500,0.500,5600,40.0,62.0,72.0,YES,YES,LPG_CARRIER_ONLY_VOC:0.500,4082.1,0,5.0,0.050,50
[2025-10-23 18:01:19.066] Boot+01:09:04,33.05,55.57,1009.00,50.00,500,0.500,5600,40.0,61.0,72.0,YES,YES,LPG_CARRIER_ONLY_VOC:0.500,4092.6,0,5.0,0.050,50
[2025-10-23 18:01:28.464] Boot+01:09:14,33.05,55.57,1009.00,50.00,500,0.500,5600,40.0,59.0,72.0,YES,YES,LPG_CARRIER_ONLY_VOC:0.500,4102.0,0,5.0,0.050,50
[2025-10-23 18:01:38.911] Boot+01:09:24,33.05,55.57,1009.00,50.00,500,0.500,5600,40.0,60.0,73.0,YES,YES,LPG_CARRIER_ONLY_VOC:0.500,4112.4,0,5.0,0.050,50
[2025-10-23 18:01:49.355] Boot+01:09:35,33.05,55.57,1009.00,50.00,500,0.500,5600,42.0,62.0,73.0,YES,YES,LPG_CARRIER_ONLY_VOC:0.500,4122.8,0,5.0,0.050,50
[2025-10-23 18:01:58.750] Boot+01:09:44,33.05,55.57,1009.00,50.00,500,0.500,5600,41.0,59.0,71.0,YES,YES,LPG_CARRIER_ONLY_VOC:0.500,4132.2,0,5.0,0.050,50
[2025-10-23 18:02:09.198] Boot+01:09:55,33.05,55.57,1009.00,50.00,500,0.500,5600,41.0,59.0,71.0,YES,YES,LPG_CARRIER_ONLY_VOC:0.500,4142.7,0,5.0,0.050,50
[2025-10-23 18:02:18.594] Boot+01:10:04,33.05,55.57,1009.00,50.00,500,0.500,5600,42.0,60.0,71.0,YES,YES,LPG_CARRIER_ONLY_VOC:0.500,4152.1,0,5.0,0.050,50
[2025-10-23 18:02:29.045] Boot+01:10:14,33.05,55.57,1009.00,50.00,500,0.500,5600,43.0,61.0,72.0,YES,YES,LPG_CARRIER_ONLY_VOC:0.500,4162.5,0,5.0,0.050,50
[2025-10-23 18:02:39.482] Boot+01:10:25,33.05,55.57,1009.00,50.00,500,0.500,5600,41.0,59.0,71.0,YES,YES,LPG_CARRIER_ONLY_VOC:0.500,4173.0,0,5.0,0.050,50
[2025-10-23 18:02:48.882] Boot+01:10:34,33.05,55.57,1009.00,50.00,500,0.500,5600,43.0,60.0,72.0,YES,YES,LPG_CARRIER_ONLY_VOC:0.500,4182.4,0,5.0,0.050,50
[2025-10-23 18:02:59.324] Boot+01:10:45,33.05,55.57,1009.00,50.00,500,0.500,5600,43.0,60.0,72.0,YES,YES,LPG_CARRIER_ONLY_VOC:0.500,4192.8,0,5.0,0.050,50
[2025-10-23 18:03:08.720] Boot+01:10:54,32.94,55.90,1009.00,50.00,500,0.500,5600,41.0,58.0,70.0,YES,YES,LPG_CARRIER_ONLY_VOC:0.500,4202.2,0,5.0,0.050,50
[2025-10-23 18:03:19.162] Boot+01:11:05,32.94,55.90,1009.00,50.00,500,0.500,5600,40.0,56.0,70.0,YES,YES,LPG_CARRIER_ONLY_VOC:0.500,4212.7,0,5.0,0.050,50
[2025-10-23 18:03:29.607] Boot+01:11:15,32.94,55.90,1009.00,50.00,500,0.500,5600,38.0,55.0,69.0,YES,YES,LPG_CARRIER_ONLY_VOC:0.500,4223.1,0,5.0,0.050,50
[2025-10-23 18:03:38.997] Boot+01:11:24,32.94,55.90,1009.00,50.00,500,0.500,5600,40.0,58.0,71.0,YES,YES,LPG_CARRIER_ONLY_VOC:0.500,4232.5,0,5.0,0.050,50
[2025-10-23 18:03:49.448] Boot+01:11:35,32.94,55.90,1009.00,50.00,500,0.500,5600,40.0,59.0,70.0,YES,YES,LPG_CARRIER_ONLY_VOC:0.500,4242.9,0,5.0,0.050,50
[2025-10-23 18:03:58.842] Boot+01:11:44,32.94,55.90,1009.00,50.00,500,0.500,5600,41.0,59.0,70.0,YES,YES,LPG_CARRIER_ONLY_VOC:0.500,4252.3,0,5.0,0.050,50
[2025-10-23 18:04:09.293] Boot+01:11:55,32.94,55.90,1009.00,50.00,500,0.500,5600,39.0,59.0,70.0,YES,YES,LPG_CARRIER_ONLY_VOC:0.500,4262.8,0,5.0,0.050,50
[2025-10-23 18:04:19.733] Boot+01:12:05,32.94,55.90,1009.00,50.00,500,0.500,5600,38.0,60.0,71.0,YES,YES,LPG_CARRIER_ONLY_VOC:0.500,4273.2,0,5.0,0.050,50
[2025-10-23 18:04:29.137] Boot+01:12:15,32.94,55.90,1009.00,50.00,500,0.500,5600,39.0,58.0,70.0,YES,YES,LPG_CARRIER_ONLY_VOC:0.500,4282.6,0,5.0,0.050,50
[2025-10-23 18:04:39.581] Boot+01:12:25,32.94,55.90,1009.00,50.00,500,0.500,5600,40.0,59.0,71.0,YES,YES,LPG_CARRIER_ONLY_VOC:0.500,4293.1,0,5.0,0.050,50
[2025-10-23 18:04:48.979] Boot+01:12:34,32.94,55.90,1009.00,50.00,500,0.500,5600,39.0,58.0,70.0,YES,YES,LPG_CARRIER_ONLY_VOC:0.500,4302.5,0,5.0,0.050,50
[2025-10-23 18:04:59.426] Boot+01:12:45,32.94,55.90,1009.00,50.00,500,0.500,5600,39.0,57.0,70.0,YES,YES,LPG_CARRIER_ONLY_VOC:0.500,4312.9,0,5.0,0.050,50
[2025-10-23 18:05:09.859] Boot+01:12:55,32.94,55.90,1009.00,50.00,500,0.500,5600,40.0,59.0,71.0,YES,YES,LPG_CARRIER_ONLY_VOC:0.500,4323.3,0,5.0,0.050,50
[2025-10-23 18:05:19.266] Boot+01:13:05,32.94,55.90,1009.00,50.00,500,0.500,5600,40.0,59.0,72.0,YES,YES,LPG_CARRIER_ONLY_VOC:0.500,4332.8,0,5.0,0.050,50
[2025-10-23 18:05:29.708] Boot+01:13:15,32.94,55.90,1009.00,50.00,500,0.500,5600,39.0,58.0,70.0,YES,YES,LPG_CARRIER_ONLY_VOC:0.500,4343.2,0,5.0,0.050,50
[2025-10-23 18:05:39.110] Boot+01:13:25,32.94,55.90,1009.00,50.00,500,0.500,5600,40.0,60.0,73.0,YES,YES,LPG_CARRIER_ONLY_VOC:0.500,4352.6,0,5.0,0.050,50
[2025-10-23 18:05:49.549] Boot+01:13:35,32.94,55.90,1009.00,50.00,500,0.500,5600,40.0,60.0,73.0,YES,YES,LPG_CARRIER_ONLY_VOC:0.500,4363.0,0,5.0,0.050,50
[2025-10-23 18:05:59.990] Boot+01:13:45,32.94,55.90,1009.00,50.00,500,0.500,5600,42.0,61.0,73.0,YES,YES,LPG_CARRIER_ONLY_VOC:0.500,4373.5,0,5.0,0.050,50
[2025-10-23 18:06:09.387] Boot+01:13:55,32.94,55.90,1009.00,50.00,500,0.500,5600,44.0,63.0,75.0,YES,YES,LPG_CARRIER_ONLY_VOC:0.500,4382.9,0,5.0,0.050,50
[2025-10-23 18:06:19.833] Boot+01:14:05,32.94,55.90,1009.00,50.00,500,0.500,5600,42.0,63.0,74.0,YES,YES,LPG_CARRIER_ONLY_VOC:0.500,4393.3,0,5.0,0.050,50
[2025-10-23 18:06:30.262] Boot+01:14:16,32.94,55.90,1009.00,50.00,500,0.500,5600,42.0,63.0,74.0,YES,YES,LPG_CARRIER_ONLY_VOC:0.500,4403.7,0,5.0,0.050,50
[2025-10-23 18:06:39.656] Boot+01:14:25,32.94,55.90,1009.00,50.00,500,0.500,5600,43.0,63.0,73.0,YES,YES,LPG_CARRIER_ONLY_VOC:0.500,4413.1,0,5.0,0.050,50
[2025-10-23 18:06:50.095] Boot+01:14:36,32.94,55.90,1009.00,50.00,500,0.500,5600,44.0,66.0,75.0,YES,YES,LPG_CARRIER_ONLY_VOC:0.500,4423.6,0,5.0,0.050,50
[2025-10-23 18:06:59.499] Boot+01:14:45,32.94,55.90,1009.00,50.00,500,0.500,5600,44.0,66.0,74.0,YES,YES,LPG_CARRIER_ONLY_VOC:0.500,4433.0,0,5.0,0.050,50
[2025-10-23 18:07:09.941] Boot+01:14:55,32.94,55.90,1009.00,50.00,500,0.500,5600,47.0,68.0,76.0,YES,YES,LPG_CARRIER_ONLY_VOC:0.500,4443.4,0,5.0,0.050,50
[2025-10-23 18:07:20.377] Boot+01:15:06,32.94,55.90,1009.00,50.00,500,0.500,5600,45.0,67.0,75.0,YES,YES,LPG_CARRIER_ONLY_VOC:0.500,4453.9,0,5.0,0.050,50
[2025-10-23 18:07:29.772] Boot+01:15:15,32.94,55.90,1009.00,50.00,500,0.500,5600,45.0,66.0,74.0,YES,YES,LPG_CARRIER_ONLY_VOC:0.500,4463.3,0,5.0,0.050,50
[2025-10-23 18:07:40.219] Boot+01:15:26,32.94,55.90,1009.00,50.00,500,0.500,5600,45.0,65.0,74.0,YES,YES,LPG_CARRIER_ONLY_VOC:0.500,4473.7,0,5.0,0.050,50
[2025-10-23 18:07:49.611] Boot+01:15:35,32.94,55.90,1009.00,50.00,500,0.500,5600,44.0,65.0,73.0,YES,YES,LPG_CARRIER_ONLY_VOC:0.500,4483.1,0,5.0,0.050,50
[2025-10-23 18:08:00.050] Boot+01:15:45,32.94,55.90,1009.00,50.00,500,0.500,5600,45.0,66.0,75.0,YES,YES,LPG_CARRIER_ONLY_VOC:0.500,4493.6,0,5.0,0.050,50
[2025-10-23 18:08:10.497] Boot+01:15:56,32.92,56.34,1009.00,50.00,500,0.500,5600,45.0,67.0,75.0,YES,YES,LPG_CARRIER_ONLY_VOC:0.500,4504.0,0,5.0,0.050,50
[2025-10-23 18:08:19.898] Boot+01:16:05,32.92,56.34,1009.00,50.00,500,0.500,5600,45.0,68.0,76.0,YES,YES,LPG_CARRIER_ONLY_VOC:0.500,4513.4,0,5.0,0.050,50
[2025-10-23 18:08:30.348] Boot+01:16:16,32.92,56.34,1009.00,50.00,500,0.500,5600,44.0,66.0,75.0,YES,YES,LPG_CARRIER_ONLY_VOC:0.500,4523.8,0,5.0,0.050,50
[2025-10-23 18:08:39.735] Boot+01:16:25,32.92,56.34,1009.00,50.00,500,0.500,5600,44.0,66.0,75.0,YES,YES,LPG_CARRIER_ONLY_VOC:0.500,4533.2,0,5.0,0.050,50
[2025-10-23 18:08:50.182] Boot+01:16:36,32.92,56.34,1009.00,50.00,500,0.500,5600,44.0,68.0,76.0,YES,YES,LPG_CARRIER_ONLY_VOC:0.500,4543.7,0,5.0,0.050,50
[2025-10-23 18:09:00.628] Boot+01:16:46,32.92,56.34,1009.00,50.00,500,0.500,5600,44.0,66.0,75.0,YES,YES,LPG_CARRIER_ONLY_VOC:0.500,4554.1,0,5.0,0.050,50
[2025-10-23 18:09:10.011] Boot+01:16:55,32.92,56.34,1009.00,50.00,500,0.500,5600,44.0,67.0,77.0,YES,YES,LPG_CARRIER_ONLY_VOC:0.500,4563.5,0,5.0,0.050,50
[2025-10-23 18:09:20.458] Boot+01:17:06,32.92,56.34,1009.00,50.00,500,0.500,5600,43.0,65.0,75.0,YES,YES,LPG_CARRIER_ONLY_VOC:0.500,4574.0,0,5.0,0.050,50
[2025-10-23 18:09:29.863] Boot+01:17:15,32.92,56.34,1009.00,50.00,500,0.500,5600,44.0,67.0,77.0,YES,YES,LPG_CARRIER_ONLY_VOC:0.500,4583.4,0,5.0,0.050,50
[2025-10-23 18:09:40.301] Boot+01:17:26,32.92,56.34,1009.00,50.00,500,0.500,5600,44.0,67.0,77.0,YES,YES,LPG_CARRIER_ONLY_VOC:0.500,4593.8,0,5.0,0.050,50
[2025-10-23 18:09:50.739] Boot+01:17:36,32.92,56.34,1009.00,50.00,500,0.500,5600,43.0,67.0,76.0,YES,YES,LPG_CARRIER_ONLY_VOC:0.500,4604.2,0,5.0,0.050,50
[2025-10-23 18:10:00.141] Boot+01:17:46,32.92,56.34,1009.00,50.00,500,0.500,5600,44.0,67.0,77.0,YES,YES,LPG_CARRIER_ONLY_VOC:0.500,4613.6,0,5.0,0.050,50
[2025-10-23 18:10:10.584] Boot+01:17:56,32.92,56.34,1009.00,50.00,500,0.500,5600,43.0,65.0,74.0,YES,YES,LPG_CARRIER_ONLY_VOC:0.500,4624.1,0,5.0,0.050,50
[2025-10-23 18:10:19.993] Boot+01:18:05,32.92,56.34,1009.00,50.00,500,0.500,5600,44.0,66.0,75.0,YES,YES,LPG_CARRIER_ONLY_VOC:0.500,4633.5,0,5.0,0.050,50
[2025-10-23 18:10:30.436] Boot+01:18:16,32.92,56.34,1009.00,50.00,500,0.500,5600,45.0,67.0,75.0,YES,YES,LPG_CARRIER_ONLY_VOC:0.500,4643.9,0,5.0,0.050,50
[2025-10-23 18:10:40.876] Boot+01:18:26,32.92,56.34,1009.00,50.00,500,0.500,5600,44.0,68.0,76.0,YES,YES,LPG_CARRIER_ONLY_VOC:0.500,4654.4,0,5.0,0.050,50
[2025-10-23 18:10:50.271] Boot+01:18:36,32.92,56.34,1009.00,50.00,500,0.500,5600,43.0,67.0,76.0,YES,YES,LPG_CARRIER_ONLY_VOC:0.500,4663.8,0,5.0,0.050,50
[2025-10-23 18:11:00.717] Boot+01:18:46,32.92,56.34,1009.00,50.00,500,0.500,5600,44.0,68.0,77.0,YES,YES,LPG_CARRIER_ONLY_VOC:0.500,4674.2,0,5.0,0.050,50
[2025-10-23 18:11:11.157] Boot+01:18:57,32.92,56.34,1009.00,50.00,500,0.500,5600,43.0,65.0,74.0,YES,YES,LPG_CARRIER_ONLY_VOC:0.500,4684.6,0,5.0,0.050,50
[2025-10-23 18:11:20.559] Boot+01:19:06,32.92,56.34,1009.00,50.00,500,0.500,5600,43.0,64.0,73.0,YES,YES,LPG_CARRIER_ONLY_VOC:0.500,4694.1,0,5.0,0.050,50
[2025-10-23 18:11:30.998] Boot+01:19:16,32.92,56.34,1009.00,50.00,500,0.500,5600,44.0,64.0,75.0,YES,YES,LPG_CARRIER_ONLY_VOC:0.500,4704.5,0,5.0,0.050,50
[2025-10-23 18:11:40.389] Boot+01:19:26,32.92,56.34,1009.00,50.00,500,0.500,5600,44.0,64.0,75.0,YES,YES,LPG_CARRIER_ONLY_VOC:0.500,4713.9,0,5.0,0.050,50
[2025-10-23 18:11:50.827] Boot+01:19:36,32.92,56.34,1009.00,50.00,500,0.500,5600,44.0,65.0,76.0,YES,YES,LPG_CARRIER_ONLY_VOC:0.500,4724.3,0,5.0,0.050,50
[2025-10-23 18:12:01.268] Boot+01:19:47,32.92,56.34,1009.00,50.00,500,0.500,5600,43.0,63.0,74.0,YES,YES,LPG_CARRIER_ONLY_VOC:0.500,4734.8,0,5.0,0.050,50
[2025-10-23 18:12:10.664] Boot+01:19:56,32.92,56.34,1009.00,50.00,500,0.500,5600,43.0,62.0,72.0,YES,YES,LPG_CARRIER_ONLY_VOC:0.500,4744.2,0,5.0,0.050,50
[2025-10-23 18:12:21.110] Boot+01:20:07,32.92,56.34,1009.00,50.00,500,0.500,5600,44.0,64.0,76.0,YES,YES,LPG_CARRIER_ONLY_VOC:0.500,4754.6,0,5.0,0.050,50
[2025-10-23 18:12:30.506] Boot+01:20:16,32.92,56.34,1009.00,50.00,500,0.500,5600,42.0,63.0,74.0,YES,YES,LPG_CARRIER_ONLY_VOC:0.500,4764.0,0,5.0,0.050,50
[2025-10-23 18:12:40.970] Boot+01:20:26,32.92,56.34,1009.00,50.00,500,0.500,5600,44.0,67.0,76.0,YES,YES,LPG_CARRIER_ONLY_VOC:0.500,4774.5,0,5.0,0.050,50
[2025-10-23 18:12:51.406] Boot+01:20:37,32.92,56.34,1009.00,50.00,500,0.500,5600,44.0,65.0,74.0,YES,YES,LPG_CARRIER_ONLY_VOC:0.500,4784.9,0,5.0,0.050,50
[2025-10-23 18:13:00.804] Boot+01:20:46,32.92,56.34,1009.00,50.00,500,0.500,5600,44.0,66.0,74.0,YES,YES,LPG_CARRIER_ONLY_VOC:0.500,4794.3,0,5.0,0.050,50
[2025-10-23 18:13:11.263] Boot+01:20:57,32.95,56.60,1009.00,50.00,500,0.500,5600,44.0,66.0,75.0,YES,YES,LPG_CARRIER_ONLY_VOC:0.500,4804.8,0,5.0,0.050,50
[2025-10-23 18:13:20.660] Boot+01:21:06,32.95,56.60,1009.00,50.00,500,0.500,5600,43.0,64.0,73.0,YES,YES,LPG_CARRIER_ONLY_VOC:0.500,4814.2,0,5.0,0.050,50
[2025-10-23 18:13:31.099] Boot+01:21:17,32.95,56.60,1009.00,50.00,500,0.500,5600,44.0,64.0,73.0,YES,YES,LPG_CARRIER_ONLY_VOC:0.500,4824.6,0,5.0,0.050,50
[2025-10-23 18:13:41.539] Boot+01:21:27,32.95,56.60,1009.00,50.00,500,0.500,5600,45.0,64.0,73.0,YES,YES,LPG_CARRIER_ONLY_VOC:0.500,4835.0,0,5.0,0.050,50
[2025-10-23 18:13:50.944] Boot+01:21:36,32.95,56.60,1009.00,50.00,500,0.500,5600,45.0,64.0,73.0,YES,YES,LPG_CARRIER_ONLY_VOC:0.500,4844.4,0,5.0,0.050,50
[2025-10-23 18:14:01.386] Boot+01:21:47,32.95,56.60,1009.00,50.00,500,0.500,5600,44.0,63.0,74.0,YES,YES,LPG_CARRIER_ONLY_VOC:0.500,4854.9,0,5.0,0.050,50
[2025-10-23 18:14:10.795] Boot+01:21:56,32.95,56.60,1009.00,50.00,500,0.500,5600,44.0,64.0,75.0,YES,YES,LPG_CARRIER_ONLY_VOC:0.500,4864.3,0,5.0,0.050,50
[2025-10-23 18:14:21.228] Boot+01:22:07,32.95,56.60,1009.00,50.00,500,0.500,5600,45.0,65.0,75.0,YES,YES,LPG_CARRIER_ONLY_VOC:0.500,4874.7,0,5.0,0.050,50
[2025-10-23 18:14:31.662] Boot+01:22:17,32.95,56.60,1009.00,50.00,500,0.500,5600,44.0,65.0,75.0,YES,YES,LPG_CARRIER_ONLY_VOC:0.500,4885.2,0,5.0,0.050,50
[2025-10-23 18:14:41.069] Boot+01:22:26,32.95,56.60,1009.00,50.00,500,0.500,5600,44.0,64.0,75.0,YES,YES,LPG_CARRIER_ONLY_VOC:0.500,4894.6,0,5.0,0.050,50
[2025-10-23 18:14:51.518] Boot+01:22:37,32.95,56.60,1009.00,50.00,500,0.500,5600,43.0,63.0,73.0,YES,YES,LPG_CARRIER_ONLY_VOC:0.500,4905.0,0,5.0,0.050,50
[2025-10-23 18:15:00.915] Boot+01:22:46,32.95,56.60,1009.00,50.00,500,0.500,5600,43.0,63.0,74.0,YES,YES,LPG_CARRIER_ONLY_VOC:0.500,4914.4,0,5.0,0.050,50
[2025-10-23 18:15:11.365] Boot+01:22:57,32.95,56.60,1009.00,50.00,500,0.500,5600,44.0,62.0,74.0,YES,YES,LPG_CARRIER_ONLY_VOC:0.500,4924.9,0,5.0,0.050,50
[2025-10-23 18:15:21.807] Boot+01:23:07,32.95,56.60,1009.00,50.00,500,0.500,5600,44.0,62.0,74.0,YES,YES,LPG_CARRIER_ONLY_VOC:0.500,4935.3,0,5.0,0.050,50
[2025-10-23 18:15:31.197] Boot+01:23:17,32.95,56.60,1009.00,50.00,500,0.500,5600,43.0,63.0,74.0,YES,YES,LPG_CARRIER_ONLY_VOC:0.500,4944.7,0,5.0,0.050,50
[2025-10-23 18:15:41.641] Boot+01:23:27,32.95,56.60,1009.00,50.00,500,0.500,5600,45.0,65.0,76.0,YES,YES,LPG_CARRIER_ONLY_VOC:0.500,4955.1,0,5.0,0.050,50
[2025-10-23 18:15:51.033] Boot+01:23:36,32.95,56.60,1009.00,50.00,500,0.500,5600,44.0,64.0,73.0,YES,YES,LPG_CARRIER_ONLY_VOC:0.500,4964.5,0,5.0,0.050,50
[2025-10-23 18:16:01.483] Boot+01:23:47,32.95,56.60,1009.00,50.00,500,0.500,5600,46.0,64.0,74.0,YES,YES,LPG_CARRIER_ONLY_VOC:0.500,4975.0,0,5.0,0.050,50
[2025-10-23 18:16:11.927] Boot+01:23:57,32.95,56.60,1009.00,50.00,500,0.500,5600,44.0,63.0,73.0,YES,YES,LPG_CARRIER_ONLY_VOC:0.500,4985.4,0,5.0,0.050,50
[2025-10-23 18:16:21.327] Boot+01:24:07,32.95,56.60,1009.00,50.00,500,0.500,5600,45.0,64.0,75.0,YES,YES,LPG_CARRIER_ONLY_VOC:0.500,4994.8,0,5.0,0.050,50
[2025-10-23 18:16:31.776] Boot+01:24:17,32.95,56.60,1009.00,50.00,500,0.500,5600,43.0,64.0,74.0,YES,YES,LPG_CARRIER_ONLY_VOC:0.500,5005.3,0,5.0,0.050,50
[2025-10-23 18:16:41.177] Boot+01:24:27,32.95,56.60,1009.00,50.00,500,0.500,5600,44.0,66.0,75.0,YES,YES,LPG_CARRIER_ONLY_VOC:0.500,5014.7,0,5.0,0.050,50
[2025-10-23 18:16:51.613] Boot+01:24:37,32.95,56.60,1009.00,50.00,500,0.500,5600,45.0,67.0,75.0,YES,YES,LPG_CARRIER_ONLY_VOC:0.500,5025.1,0,5.0,0.050,50
[2025-10-23 18:17:02.057] Boot+01:24:47,32.95,56.60,1009.00,50.00,500,0.500,5600,44.0,64.0,73.0,YES,YES,LPG_CARRIER_ONLY_VOC:0.500,5035.6,0,5.0,0.050,50
[2025-10-23 18:17:11.461] Boot+01:24:57,32.95,56.60,1009.00,50.00,500,0.500,5600,43.0,62.0,73.0,YES,YES,LPG_CARRIER_ONLY_VOC:0.500,5045.0,0,5.0,0.050,50
[2025-10-23 18:17:21.909] Boot+01:25:07,32.95,56.60,1009.00,50.00,500,0.500,5600,44.0,64.0,73.0,YES,YES,LPG_CARRIER_ONLY_VOC:0.500,5055.4,0,5.0,0.050,50
[2025-10-23 18:17:31.298] Boot+01:25:17,32.95,56.60,1009.00,50.00,500,0.500,5600,42.0,62.0,72.0,YES,YES,LPG_CARRIER_ONLY_VOC:0.500,5064.8,0,5.0,0.050,50
[2025-10-23 18:17:41.745] Boot+01:25:27,32.95,56.60,1009.00,50.00,500,0.500,5600,43.0,62.0,73.0,YES,YES,LPG_CARRIER_ONLY_VOC:0.500,5075.2,0,5.0,0.050,50
[2025-10-23 18:17:52.190] Boot+01:25:38,32.95,56.60,1009.00,50.00,500,0.500,5600,43.0,62.0,73.0,YES,YES,LPG_CARRIER_ONLY_VOC:0.500,5085.7,0,5.0,0.050,50
[2025-10-23 18:18:01.581] Boot+01:25:47,32.95,56.60,1009.00,50.00,500,0.500,5600,42.0,61.0,72.0,YES,YES,LPG_CARRIER_ONLY_VOC:0.500,5095.1,0,5.0,0.050,50
[2025-10-23 18:18:12.031] Boot+01:25:57,32.99,56.46,1009.00,50.31,501,0.502,5600,42.0,60.0,73.0,YES,YES,BITTER_KNOCKOUT_DRUG_VOC:0.502_IAQ:50.3,5105.5,0,5.0,0.050,50
[2025-10-23 18:18:21.422] Boot+01:26:07,32.99,56.46,1009.00,50.31,501,0.502,5600,43.0,63.0,75.0,YES,YES,BITTER_KNOCKOUT_DRUG_VOC:0.502_IAQ:50.3,5114.9,0,5.0,0.050,50
[2025-10-23 18:18:31.863] Boot+01:26:17,32.99,56.46,1009.00,50.31,501,0.502,5600,42.0,62.0,74.0,YES,YES,BITTER_KNOCKOUT_DRUG_VOC:0.502_IAQ:50.3,5125.4,0,5.0,0.050,50
[2025-10-23 18:18:42.308] Boot+01:26:28,32.99,56.46,1009.00,50.31,501,0.502,5600,41.0,61.0,73.0,YES,YES,BITTER_KNOCKOUT_DRUG_VOC:0.502_IAQ:50.3,5135.8,0,5.0,0.050,50
[2025-10-23 18:18:51.716] Boot+01:26:37,32.99,56.46,1009.00,50.31,501,0.502,5600,42.0,62.0,74.0,YES,YES,BITTER_KNOCKOUT_DRUG_VOC:0.502_IAQ:50.3,5145.2,0,5.0,0.050,50
[2025-10-23 18:19:02.151] Boot+01:26:48,32.99,56.46,1009.00,50.31,501,0.502,5600,42.0,64.0,74.0,YES,YES,BITTER_KNOCKOUT_DRUG_VOC:0.502_IAQ:50.3,5155.6,0,5.0,0.050,50
[2025-10-23 18:19:12.592] Boot+01:26:58,32.99,56.46,1009.00,50.31,501,0.502,5600,41.0,62.0,72.0,YES,YES,BITTER_KNOCKOUT_DRUG_VOC:0.502_IAQ:50.3,5166.1,0,5.0,0.050,50
[2025-10-23 18:19:21.996] Boot+01:27:07,32.99,56.46,1009.00,50.31,501,0.502,5600,42.0,63.0,72.0,YES,YES,BITTER_KNOCKOUT_DRUG_VOC:0.502_IAQ:50.3,5175.5,0,5.0,0.050,50
[2025-10-23 18:19:32.440] Boot+01:27:18,32.99,56.46,1009.00,50.31,501,0.502,5600,44.0,63.0,73.0,YES,YES,BITTER_KNOCKOUT_DRUG_VOC:0.502_IAQ:50.3,5185.9,0,5.0,0.050,50
[2025-10-23 18:19:41.839] Boot+01:27:27,32.99,56.46,1009.00,50.31,501,0.502,5600,43.0,62.0,73.0,YES,YES,BITTER_KNOCKOUT_DRUG_VOC:0.502_IAQ:50.3,5195.3,0,5.0,0.050,50
[2025-10-23 18:19:52.284] Boot+01:27:38,32.99,56.46,1009.00,50.31,501,0.502,5600,43.0,62.0,72.0,YES,YES,BITTER_KNOCKOUT_DRUG_VOC:0.502_IAQ:50.3,5205.8,0,5.0,0.050,50
[2025-10-23 18:20:02.718] Boot+01:27:48,32.99,56.46,1009.00,50.31,501,0.502,5600,41.0,63.0,72.0,YES,YES,BITTER_KNOCKOUT_DRUG_VOC:0.502_IAQ:50.3,5216.2,0,5.0,0.050,50
[2025-10-23 18:20:12.120] Boot+01:27:58,32.99,56.46,1009.00,50.31,501,0.502,5600,42.0,63.0,72.0,YES,YES,BITTER_KNOCKOUT_DRUG_VOC:0.502_IAQ:50.3,5225.6,0,5.0,0.050,50
[2025-10-23 18:20:22.559] Boot+01:28:08,32.99,56.46,1009.00,50.31,501,0.502,5600,44.0,65.0,74.0,YES,YES,BITTER_KNOCKOUT_DRUG_VOC:0.502_IAQ:50.3,5236.1,0,5.0,0.050,50
[2025-10-23 18:20:31.962] Boot+01:28:17,32.99,56.46,1009.00,50.31,501,0.502,5600,42.0,64.0,73.0,YES,YES,BITTER_KNOCKOUT_DRUG_VOC:0.502_IAQ:50.3,5245.5,0,5.0,0.050,50
[2025-10-23 18:20:42.407] Boot+01:28:28,32.99,56.46,1009.00,50.31,501,0.502,5600,42.0,63.0,73.0,YES,YES,BITTER_KNOCKOUT_DRUG_VOC:0.502_IAQ:50.3,5255.9,0,5.0,0.050,50
[2025-10-23 18:20:52.840] Boot+01:28:38,32.99,56.46,1009.00,50.31,501,0.502,5600,43.0,63.0,73.0,YES,YES,BITTER_KNOCKOUT_DRUG_VOC:0.502_IAQ:50.3,5266.3,0,5.0,0.050,50
[2025-10-23 18:21:02.240] Boot+01:28:48,32.99,56.46,1009.00,50.31,501,0.502,5600,43.0,64.0,74.0,YES,YES,BITTER_KNOCKOUT_DRUG_VOC:0.502_IAQ:50.3,5275.7,0,5.0,0.050,50
[2025-10-23 18:21:12.691] Boot+01:28:58,32.99,56.46,1009.00,50.31,501,0.502,5600,46.0,65.0,75.0,YES,YES,BITTER_KNOCKOUT_DRUG_VOC:0.502_IAQ:50.3,5286.2,0,5.0,0.050,50
[2025-10-23 18:21:22.091] Boot+01:29:07,32.99,56.46,1009.00,50.31,501,0.502,5600,45.0,64.0,74.0,YES,YES,BITTER_KNOCKOUT_DRUG_VOC:0.502_IAQ:50.3,5295.6,0,5.0,0.050,50
[2025-10-23 18:21:32.527] Boot+01:29:18,32.99,56.46,1009.00,50.31,501,0.502,5600,44.0,63.0,74.0,YES,YES,BITTER_KNOCKOUT_DRUG_VOC:0.502_IAQ:50.3,5306.0,0,5.0,0.050,50
[2025-10-23 18:21:42.957] Boot+01:29:28,32.99,56.46,1009.00,50.31,501,0.502,5600,44.0,64.0,73.0,YES,YES,BITTER_KNOCKOUT_DRUG_VOC:0.502_IAQ:50.3,5316.5,0,5.0,0.050,50
[2025-10-23 18:21:52.358] Boot+01:29:38,32.99,56.46,1009.00,50.31,501,0.502,5600,44.0,63.0,73.0,YES,YES,BITTER_KNOCKOUT_DRUG_VOC:0.502_IAQ:50.3,5325.9,0,5.0,0.050,50
[2025-10-23 18:22:02.797] Boot+01:29:48,32.99,56.46,1009.00,50.31,501,0.502,5600,41.0,61.0,71.0,YES,YES,BITTER_KNOCKOUT_DRUG_VOC:0.502_IAQ:50.3,5336.3,0,5.0,0.050,50
[2025-10-23 18:22:12.205] Boot+01:29:58,32.99,56.46,1009.00,50.31,501,0.502,5600,41.0,61.0,72.0,YES,YES,BITTER_KNOCKOUT_DRUG_VOC:0.502_IAQ:50.3,5345.7,0,5.0,0.050,50
[2025-10-23 18:22:22.650] Boot+01:30:08,32.99,56.46,1009.00,50.31,501,0.502,5600,43.0,62.0,73.0,YES,YES,BITTER_KNOCKOUT_DRUG_VOC:0.502_IAQ:50.3,5356.1,0,5.0,0.050,50
[2025-10-23 18:22:33.082] Boot+01:30:18,32.99,56.46,1009.00,50.31,501,0.502,5600,42.0,62.0,73.0,YES,YES,BITTER_KNOCKOUT_DRUG_VOC:0.502_IAQ:50.3,5366.6,0,5.0,0.050,50
[2025-10-23 18:22:42.482] Boot+01:30:28,32.99,56.46,1009.00,50.31,501,0.502,5600,44.0,63.0,73.0,YES,YES,BITTER_KNOCKOUT_DRUG_VOC:0.502_IAQ:50.3,5376.0,0,5.0,0.050,50
[2025-10-23 18:22:52.919] Boot+01:30:38,32.99,56.46,1009.00,50.31,501,0.502,5600,42.0,62.0,72.0,YES,YES,BITTER_KNOCKOUT_DRUG_VOC:0.502_IAQ:50.3,5386.4,0,5.0,0.050,50
[2025-10-23 18:23:02.325] Boot+01:30:48,32.99,56.46,1009.00,50.31,501,0.502,5600,43.0,63.0,72.0,YES,YES,BITTER_KNOCKOUT_DRUG_VOC:0.502_IAQ:50.3,5395.8,0,5.0,0.050,50
[2025-10-23 18:23:12.771] Boot+01:30:58,32.98,56.50,1010.00,50.18,501,0.501,5600,43.0,62.0,73.0,YES,YES,BITTER_KNOCKOUT_DRUG_VOC:0.501_IAQ:50.2,5406.3,0,5.0,0.050,50
[2025-10-23 18:23:23.214] Boot+01:31:09,32.98,56.50,1010.00,50.18,501,0.501,5600,43.0,63.0,73.0,YES,YES,BITTER_KNOCKOUT_DRUG_VOC:0.501_IAQ:50.2,5416.7,0,5.0,0.050,50
[2025-10-23 18:23:32.618] Boot+01:31:18,32.98,56.50,1010.00,50.18,501,0.501,5600,44.0,64.0,75.0,YES,YES,BITTER_KNOCKOUT_DRUG_VOC:0.501_IAQ:50.2,5426.1,0,5.0,0.050,50
[2025-10-23 18:23:43.059] Boot+01:31:28,32.98,56.50,1010.00,50.18,501,0.501,5600,42.0,61.0,73.0,YES,YES,BITTER_KNOCKOUT_DRUG_VOC:0.501_IAQ:50.2,5436.6,0,5.0,0.050,50
[2025-10-23 18:23:52.456] Boot+01:31:38,32.98,56.50,1010.00,50.18,501,0.501,5600,44.0,63.0,74.0,YES,YES,BITTER_KNOCKOUT_DRUG_VOC:0.501_IAQ:50.2,5446.0,0,5.0,0.050,50
[2025-10-23 18:24:02.903] Boot+01:31:48,32.98,56.50,1010.00,50.18,501,0.501,5600,43.0,63.0,74.0,YES,YES,BITTER_KNOCKOUT_DRUG_VOC:0.501_IAQ:50.2,5456.4,0,5.0,0.050,50
[2025-10-23 18:24:13.339] Boot+01:31:59,32.98,56.50,1010.00,50.18,501,0.501,5600,42.0,61.0,73.0,YES,YES,BITTER_KNOCKOUT_DRUG_VOC:0.501_IAQ:50.2,5466.8,0,5.0,0.050,50
[2025-10-23 18:24:22.746] Boot+01:32:08,32.98,56.50,1010.00,50.18,501,0.501,5600,43.0,61.0,72.0,YES,YES,BITTER_KNOCKOUT_DRUG_VOC:0.501_IAQ:50.2,5476.2,0,5.0,0.050,50
[2025-10-23 18:24:33.197] Boot+01:32:19,32.98,56.50,1010.00,50.18,501,0.501,5600,43.0,64.0,74.0,YES,YES,BITTER_KNOCKOUT_DRUG_VOC:0.501_IAQ:50.2,5486.7,0,5.0,0.050,50
[2025-10-23 18:24:42.603] Boot+01:32:28,32.98,56.50,1010.00,50.18,501,0.501,5600,43.0,64.0,74.0,YES,YES,BITTER_KNOCKOUT_DRUG_VOC:0.501_IAQ:50.2,5496.1,0,5.0,0.050,50
[2025-10-23 18:24:53.040] Boot+01:32:38,32.98,56.50,1010.00,50.18,501,0.501,5600,45.0,66.0,75.0,YES,YES,BITTER_KNOCKOUT_DRUG_VOC:0.501_IAQ:50.2,5506.5,0,5.0,0.050,50
[2025-10-23 18:25:02.447] Boot+01:32:48,32.98,56.50,1010.00,50.18,501,0.501,5600,43.0,63.0,73.0,YES,YES,BITTER_KNOCKOUT_DRUG_VOC:0.501_IAQ:50.2,5515.9,0,5.0,0.050,50
[2025-10-23 18:25:12.890] Boot+01:32:58,32.98,56.50,1010.00,50.18,501,0.501,5600,43.0,64.0,73.0,YES,YES,BITTER_KNOCKOUT_DRUG_VOC:0.501_IAQ:50.2,5526.4,0,5.0,0.050,50
[2025-10-23 18:25:23.329] Boot+01:33:09,32.98,56.50,1010.00,50.18,501,0.501,5600,43.0,64.0,74.0,YES,YES,BITTER_KNOCKOUT_DRUG_VOC:0.501_IAQ:50.2,5536.8,0,5.0,0.050,50
[2025-10-23 18:25:32.740] Boot+01:33:18,32.98,56.50,1010.00,50.18,501,0.501,5600,42.0,63.0,73.0,YES,YES,BITTER_KNOCKOUT_DRUG_VOC:0.501_IAQ:50.2,5546.2,0,5.0,0.050,50
[2025-10-23 18:25:43.174] Boot+01:33:29,32.98,56.50,1010.00,50.18,501,0.501,5600,42.0,63.0,73.0,YES,YES,BITTER_KNOCKOUT_DRUG_VOC:0.501_IAQ:50.2,5556.7,0,5.0,0.050,50
[2025-10-23 18:25:52.580] Boot+01:33:38,32.98,56.50,1010.00,50.18,501,0.501,5600,41.0,61.0,72.0,YES,YES,BITTER_KNOCKOUT_DRUG_VOC:0.501_IAQ:50.2,5566.1,0,5.0,0.050,50
[2025-10-23 18:26:03.025] Boot+01:33:48,32.98,56.50,1010.00,50.18,501,0.501,5600,42.0,59.0,71.0,YES,YES,BITTER_KNOCKOUT_DRUG_VOC:0.501_IAQ:50.2,5576.5,0,5.0,0.050,50
[2025-10-23 18:26:13.467] Boot+01:33:59,32.98,56.50,1010.00,50.18,501,0.501,5600,42.0,61.0,72.0,YES,YES,BITTER_KNOCKOUT_DRUG_VOC:0.501_IAQ:50.2,5587.0,0,5.0,0.050,50
[2025-10-23 18:26:22.870] Boot+01:34:08,32.98,56.50,1010.00,50.18,501,0.501,5600,42.0,61.0,74.0,YES,YES,BITTER_KNOCKOUT_DRUG_VOC:0.501_IAQ:50.2,5596.4,0,5.0,0.050,50
[2025-10-23 18:26:33.304] Boot+01:34:19,32.98,56.50,1010.00,50.18,501,0.501,5600,42.0,62.0,75.0,YES,YES,BITTER_KNOCKOUT_DRUG_VOC:0.501_IAQ:50.2,5606.8,0,5.0,0.050,50
[2025-10-23 18:26:42.701] Boot+01:34:28,32.98,56.50,1010.00,50.18,501,0.501,5600,42.0,63.0,74.0,YES,YES,BITTER_KNOCKOUT_DRUG_VOC:0.501_IAQ:50.2,5616.2,0,5.0,0.050,50
[2025-10-23 18:26:53.145] Boot+01:34:39,32.98,56.50,1010.00,50.18,501,0.501,5600,41.0,64.0,74.0,YES,YES,BITTER_KNOCKOUT_DRUG_VOC:0.501_IAQ:50.2,5626.6,0,5.0,0.050,50
[2025-10-23 18:27:03.586] Boot+01:34:49,32.98,56.50,1010.00,50.18,501,0.501,5600,42.0,66.0,74.0,YES,YES,BITTER_KNOCKOUT_DRUG_VOC:0.501_IAQ:50.2,5637.1,0,5.0,0.050,50
[2025-10-23 18:27:12.990] Boot+01:34:58,32.98,56.50,1010.00,50.18,501,0.501,5600,40.0,63.0,72.0,YES,YES,BITTER_KNOCKOUT_DRUG_VOC:0.501_IAQ:50.2,5646.5,0,5.0,0.050,50
[2025-10-23 18:27:23.434] Boot+01:35:09,32.98,56.50,1010.00,50.18,501,0.501,5600,41.0,63.0,73.0,YES,YES,BITTER_KNOCKOUT_DRUG_VOC:0.501_IAQ:50.2,5656.9,0,5.0,0.050,50
[2025-10-23 18:27:32.832] Boot+01:35:18,32.98,56.50,1010.00,50.18,501,0.501,5600,41.0,62.0,72.0,YES,YES,BITTER_KNOCKOUT_DRUG_VOC:0.501_IAQ:50.2,5666.3,0,5.0,0.050,50
[2025-10-23 18:27:43.278] Boot+01:35:29,32.98,56.50,1010.00,50.18,501,0.501,5600,43.0,63.0,73.0,YES,YES,BITTER_KNOCKOUT_DRUG_VOC:0.501_IAQ:50.2,5676.8,0,5.0,0.050,50
[2025-10-23 18:27:53.726] Boot+01:35:39,32.98,56.50,1010.00,50.18,501,0.501,5600,42.0,62.0,74.0,YES,YES,BITTER_KNOCKOUT_DRUG_VOC:0.501_IAQ:50.2,5687.2,0,5.0,0.050,50
[2025-10-23 18:28:03.130] Boot+01:35:49,32.98,56.50,1010.00,50.18,501,0.501,5600,42.0,61.0,73.0,YES,YES,BITTER_KNOCKOUT_DRUG_VOC:0.501_IAQ:50.2,5696.6,0,5.0,0.050,50
[2025-10-23 18:28:13.570] Boot+01:35:59,32.96,56.05,1010.00,55.89,526,0.530,5600,42.0,60.0,73.0,YES,YES,BITTER_KNOCKOUT_DRUG_VOC:0.530_IAQ:55.9,5707.1,0,5.0,0.050,50
[2025-10-23 18:28:22.966] Boot+01:36:08,32.96,56.05,1010.00,55.89,526,0.530,5600,43.0,61.0,73.0,YES,YES,BITTER_KNOCKOUT_DRUG_VOC:0.530_IAQ:55.9,5716.5,0,5.0,0.050,50
[2025-10-23 18:28:33.406] Boot+01:36:19,32.96,56.05,1010.00,55.89,526,0.530,5600,42.0,61.0,72.0,YES,YES,BITTER_KNOCKOUT_DRUG_VOC:0.530_IAQ:55.9,5726.9,0,5.0,0.050,50
[2025-10-23 18:28:43.853] Boot+01:36:29,32.96,56.05,1010.00,55.89,526,0.530,5600,42.0,62.0,73.0,YES,YES,BITTER_KNOCKOUT_DRUG_VOC:0.530_IAQ:55.9,5737.4,0,5.0,0.050,50
[2025-10-23 18:28:53.250] Boot+01:36:39,32.96,56.05,1010.00,55.89,526,0.530,5600,41.0,60.0,72.0,YES,YES,BITTER_KNOCKOUT_DRUG_VOC:0.530_IAQ:55.9,5746.7,0,5.0,0.050,50
[2025-10-23 18:29:03.689] Boot+01:36:49,32.96,56.05,1010.00,55.89,526,0.530,5600,42.0,61.0,72.0,YES,YES,BITTER_KNOCKOUT_DRUG_VOC:0.530_IAQ:55.9,5757.2,0,5.0,0.050,50
[2025-10-23 18:29:14.114] Boot+01:37:00,32.96,56.05,1010.00,55.89,526,0.530,5600,43.0,63.0,73.0,YES,YES,BITTER_KNOCKOUT_DRUG_VOC:0.530_IAQ:55.9,5767.6,0,5.0,0.050,50
[2025-10-23 18:29:23.520] Boot+01:37:09,32.96,56.05,1010.00,55.89,526,0.530,5600,42.0,63.0,73.0,YES,YES,BITTER_KNOCKOUT_DRUG_VOC:0.530_IAQ:55.9,5777.0,0,5.0,0.050,50
[2025-10-23 18:29:33.969] Boot+01:37:19,32.96,56.05,1010.00,55.89,526,0.530,5600,41.0,61.0,72.0,YES,YES,BITTER_KNOCKOUT_DRUG_VOC:0.530_IAQ:55.9,5787.5,0,5.0,0.050,50
[2025-10-23 18:29:43.368] Boot+01:37:29,32.96,56.05,1010.00,55.89,526,0.530,5600,41.0,62.0,73.0,YES,YES,BITTER_KNOCKOUT_DRUG_VOC:0.530_IAQ:55.9,5796.9,0,5.0,0.050,50
[2025-10-23 18:29:53.819] Boot+01:37:39,32.96,56.05,1010.00,55.89,526,0.530,5600,42.0,63.0,74.0,YES,YES,BITTER_KNOCKOUT_DRUG_VOC:0.530_IAQ:55.9,5807.3,0,5.0,0.050,50
[2025-10-23 18:30:04.255] Boot+01:37:50,32.96,56.05,1010.00,55.89,526,0.530,5600,40.0,60.0,72.0,YES,YES,BITTER_KNOCKOUT_DRUG_VOC:0.530_IAQ:55.9,5817.8,0,5.0,0.050,50
[2025-10-23 18:30:13.665] Boot+01:37:59,32.96,56.05,1010.00,55.89,526,0.530,5600,41.0,60.0,73.0,YES,YES,BITTER_KNOCKOUT_DRUG_VOC:0.530_IAQ:55.9,5827.2,0,5.0,0.050,50
[2025-10-23 18:30:24.100] Boot+01:38:10,32.96,56.05,1010.00,55.89,526,0.530,5600,41.0,59.0,71.0,YES,YES,BITTER_KNOCKOUT_DRUG_VOC:0.530_IAQ:55.9,5837.6,0,5.0,0.050,50
[2025-10-23 18:30:33.501] Boot+01:38:19,32.96,56.05,1010.00,55.89,526,0.530,5600,41.0,59.0,70.0,YES,YES,BITTER_KNOCKOUT_DRUG_VOC:0.530_IAQ:55.9,5847.0,0,5.0,0.050,50
[2025-10-23 18:30:43.948] Boot+01:38:29,32.96,56.05,1010.00,55.89,526,0.530,5600,41.0,61.0,72.0,YES,YES,BITTER_KNOCKOUT_DRUG_VOC:0.530_IAQ:55.9,5857.4,0,5.0,0.050,50
[2025-10-23 18:30:54.380] Boot+01:38:40,32.96,56.05,1010.00,55.89,526,0.530,5600,39.0,59.0,70.0,YES,YES,BITTER_KNOCKOUT_DRUG_VOC:0.530_IAQ:55.9,5867.9,0,5.0,0.050,50
[2025-10-23 18:31:03.789] Boot+01:38:49,32.96,56.05,1010.00,55.89,526,0.530,5600,41.0,59.0,72.0,YES,YES,BITTER_KNOCKOUT_DRUG_VOC:0.530_IAQ:55.9,5877.3,0,5.0,0.050,50
[2025-10-23 18:31:14.223] Boot+01:39:00,32.96,56.05,1010.00,55.89,526,0.530,5600,41.0,58.0,72.0,YES,YES,BITTER_KNOCKOUT_DRUG_VOC:0.530_IAQ:55.9,5887.7,0,5.0,0.050,50
[2025-10-23 18:31:23.632] Boot+01:39:09,32.96,56.05,1010.00,55.89,526,0.530,5600,40.0,58.0,72.0,YES,YES,BITTER_KNOCKOUT_DRUG_VOC:0.530_IAQ:55.9,5897.1,0,5.0,0.050,50
[2025-10-23 18:31:34.067] Boot+01:39:19,32.96,56.05,1010.00,55.89,526,0.530,5600,41.0,60.0,71.0,YES,YES,BITTER_KNOCKOUT_DRUG_VOC:0.530_IAQ:55.9,5907.6,0,5.0,0.050,50
[2025-10-23 18:31:44.505] Boot+01:39:30,32.96,56.05,1010.00,55.89,526,0.530,5600,41.0,60.0,72.0,YES,YES,BITTER_KNOCKOUT_DRUG_VOC:0.530_IAQ:55.9,5918.0,0,5.0,0.050,50
[2025-10-23 18:31:53.913] Boot+01:39:39,32.96,56.05,1010.00,55.89,526,0.530,5600,41.0,61.0,72.0,YES,YES,BITTER_KNOCKOUT_DRUG_VOC:0.530_IAQ:55.9,5927.4,0,5.0,0.050,50
[2025-10-23 18:32:04.345] Boot+01:39:50,32.96,56.05,1010.00,55.89,526,0.530,5600,41.0,60.0,71.0,YES,YES,BITTER_KNOCKOUT_DRUG_VOC:0.530_IAQ:55.9,5937.8,0,5.0,0.050,50
[2025-10-23 18:32:13.752] Boot+01:39:59,32.96,56.05,1010.00,55.89,526,0.530,5600,42.0,59.0,71.0,YES,YES,BITTER_KNOCKOUT_DRUG_VOC:0.530_IAQ:55.9,5947.3,0,5.0,0.050,50
[2025-10-23 18:32:24.202] Boot+01:40:10,32.96,56.05,1010.00,55.89,526,0.530,5600,42.0,60.0,72.0,YES,YES,BITTER_KNOCKOUT_DRUG_VOC:0.530_IAQ:55.9,5957.7,0,5.0,0.050,50
[2025-10-23 18:32:34.632] Boot+01:40:20,32.96,56.05,1010.00,55.89,526,0.530,5600,41.0,61.0,71.0,YES,YES,BITTER_KNOCKOUT_DRUG_VOC:0.530_IAQ:55.9,5968.1,0,5.0,0.050,50
[2025-10-23 18:32:44.028] Boot+01:40:29,32.96,56.05,1010.00,55.89,526,0.530,5600,40.0,60.0,72.0,YES,YES,BITTER_KNOCKOUT_DRUG_VOC:0.530_IAQ:55.9,5977.5,0,5.0,0.050,50
[2025-10-23 18:32:54.466] Boot+01:40:40,32.96,56.05,1010.00,55.89,526,0.530,5600,40.0,60.0,71.0,YES,YES,BITTER_KNOCKOUT_DRUG_VOC:0.530_IAQ:55.9,5988.0,0,5.0,0.050,50
[2025-10-23 18:33:03.875] Boot+01:40:49,32.96,56.05,1010.00,55.89,526,0.530,5600,41.0,63.0,72.0,YES,YES,BITTER_KNOCKOUT_DRUG_VOC:0.530_IAQ:55.9,5997.4,0,5.0,0.050,50
[2025-10-23 18:33:14.314] Boot+01:41:00,32.89,55.66,1010.00,62.73,556,0.567,5600,40.0,61.0,71.0,YES,YES,DRUG_DELIVERY_IN_LPG_VOC+0.061ppm,6007.8,0,5.0,0.050,50
[2025-10-23 18:33:24.751] Boot+01:41:10,32.89,55.66,1010.00,62.73,556,0.567,5600,41.0,61.0,73.0,YES,YES,DRUG_DELIVERY_IN_LPG_VOC+0.061ppm,6018.3,0,5.0,0.050,50
[2025-10-23 18:33:34.157] Boot+01:41:20,32.89,55.66,1010.00,62.73,556,0.567,5600,40.0,61.0,71.0,YES,YES,DRUG_DELIVERY_IN_LPG_VOC+0.061ppm,6027.7,0,5.0,0.050,50
[2025-10-23 18:33:44.598] Boot+01:41:30,32.89,55.66,1010.00,62.73,556,0.567,5600,42.0,61.0,72.0,YES,YES,DRUG_DELIVERY_IN_LPG_VOC+0.061ppm,6038.1,0,5.0,0.050,50
[2025-10-23 18:33:53.998] Boot+01:41:39,32.89,55.66,1010.00,62.73,556,0.567,5600,41.0,61.0,72.0,YES,YES,DRUG_DELIVERY_IN_LPG_VOC+0.061ppm,6047.5,0,5.0,0.050,50
[2025-10-23 18:34:04.449] Boot+01:41:50,32.89,55.66,1010.00,62.73,556,0.567,5600,39.0,60.0,71.0,YES,YES,DRUG_DELIVERY_IN_LPG_VOC+0.061ppm,6057.9,0,5.0,0.050,50
[2025-10-23 18:34:14.873] Boot+01:42:00,32.89,55.66,1010.00,62.73,556,0.567,5600,38.0,57.0,70.0,YES,YES,DRUG_DELIVERY_IN_LPG_VOC+0.061ppm,6068.4,0,5.0,0.050,50
[2025-10-23 18:34:24.276] Boot+01:42:10,32.89,55.66,1010.00,62.73,556,0.567,5600,39.0,57.0,68.0,YES,YES,DRUG_DELIVERY_IN_LPG_VOC+0.061ppm,6077.8,0,5.0,0.050,50
[2025-10-23 18:34:34.726] Boot+01:42:20,32.89,55.66,1010.00,62.73,556,0.567,5600,40.0,58.0,70.0,YES,YES,DRUG_DELIVERY_IN_LPG_VOC+0.061ppm,6088.2,0,5.0,0.050,50
[2025-10-23 18:34:44.127] Boot+01:42:30,32.89,55.66,1010.00,62.73,556,0.567,5600,40.0,58.0,70.0,YES,YES,DRUG_DELIVERY_IN_LPG_VOC+0.061ppm,6097.6,0,5.0,0.050,50
[2025-10-23 18:34:54.564] Boot+01:42:40,32.89,55.66,1010.00,62.73,556,0.567,5600,39.0,58.0,69.0,YES,YES,DRUG_DELIVERY_IN_LPG_VOC+0.061ppm,6108.1,0,5.0,0.050,50
[2025-10-23 18:35:05.012] Boot+01:42:50,32.89,55.66,1010.00,62.73,556,0.567,5600,39.0,57.0,70.0,YES,YES,DRUG_DELIVERY_IN_LPG_VOC+0.061ppm,6118.5,0,5.0,0.050,50
[2025-10-23 18:35:14.412] Boot+01:43:00,32.89,55.66,1010.00,62.73,556,0.567,5600,39.0,55.0,69.0,YES,YES,DRUG_DELIVERY_IN_LPG_VOC+0.061ppm,6127.9,0,5.0,0.050,50
[2025-10-23 18:35:24.849] Boot+01:43:10,32.89,55.66,1010.00,62.73,556,0.567,5600,40.0,58.0,71.0,YES,YES,DRUG_DELIVERY_IN_LPG_VOC+0.061ppm,6138.3,0,5.0,0.050,50
[2025-10-23 18:35:34.253] Boot+01:43:20,32.89,55.66,1010.00,62.73,556,0.567,5600,40.0,59.0,72.0,YES,YES,DRUG_DELIVERY_IN_LPG_VOC+0.061ppm,6147.8,0,5.0,0.050,50
[2025-10-23 18:35:44.695] Boot+01:43:30,32.89,55.66,1010.00,62.73,556,0.567,5600,40.0,60.0,71.0,YES,YES,DRUG_DELIVERY_IN_LPG_VOC+0.061ppm,6158.2,0,5.0,0.050,50
[2025-10-23 18:35:55.142] Boot+01:43:41,32.89,55.66,1010.00,62.73,556,0.567,5600,40.0,60.0,71.0,YES,YES,DRUG_DELIVERY_IN_LPG_VOC+0.061ppm,6168.6,0,5.0,0.050,50
[2025-10-23 18:36:04.542] Boot+01:43:50,32.89,55.66,1010.00,62.73,556,0.567,5600,39.0,57.0,70.0,YES,YES,DRUG_DELIVERY_IN_LPG_VOC+0.061ppm,6178.0,0,5.0,0.050,50
[2025-10-23 18:36:14.992] Boot+01:44:00,32.89,55.66,1010.00,62.73,556,0.567,5600,40.0,57.0,70.0,YES,YES,DRUG_DELIVERY_IN_LPG_VOC+0.061ppm,6188.5,0,5.0,0.050,50
[2025-10-23 18:36:24.383] Boot+01:44:10,32.89,55.66,1010.00,62.73,556,0.567,5600,40.0,56.0,70.0,YES,YES,DRUG_DELIVERY_IN_LPG_VOC+0.061ppm,6197.9,0,5.0,0.050,50
[2025-10-23 18:36:34.838] Boot+01:44:20,32.89,55.66,1010.00,62.73,556,0.567,5600,40.0,57.0,71.0,YES,YES,DRUG_DELIVERY_IN_LPG_VOC+0.061ppm,6208.3,0,5.0,0.050,50
[2025-10-23 18:36:45.267] Boot+01:44:31,32.89,55.66,1010.00,62.73,556,0.567,5600,40.0,58.0,72.0,YES,YES,DRUG_DELIVERY_IN_LPG_VOC+0.061ppm,6218.8,0,5.0,0.050,50
[2025-10-23 18:36:54.676] Boot+01:44:40,32.89,55.66,1010.00,62.73,556,0.567,5600,40.0,60.0,74.0,YES,YES,DRUG_DELIVERY_IN_LPG_VOC+0.061ppm,6228.2,0,5.0,0.050,50
[2025-10-23 18:37:05.117] Boot+01:44:51,32.89,55.66,1010.00,62.73,556,0.567,5600,40.0,60.0,72.0,YES,YES,DRUG_DELIVERY_IN_LPG_VOC+0.061ppm,6238.6,0,5.0,0.050,50
[2025-10-23 18:37:14.517] Boot+01:45:00,32.89,55.66,1010.00,62.73,556,0.567,5600,39.0,59.0,71.0,YES,YES,DRUG_DELIVERY_IN_LPG_VOC+0.061ppm,6248.0,0,5.0,0.050,50
[2025-10-23 18:37:24.963] Boot+01:45:10,32.89,55.66,1010.00,62.73,556,0.567,5600,39.0,59.0,71.0,YES,YES,DRUG_DELIVERY_IN_LPG_VOC+0.049ppm,6258.5,0,5.0,0.050,50
[2025-10-23 18:37:34.360] Boot+01:45:20,32.89,55.66,1010.00,62.73,556,0.567,5600,40.0,60.0,72.0,YES,YES,DRUG_DELIVERY_IN_LPG_VOC+0.049ppm,6267.9,0,5.0,0.050,50
[2025-10-23 18:37:44.804] Boot+01:45:30,32.89,55.66,1010.00,62.73,556,0.567,5600,41.0,60.0,71.0,YES,YES,DRUG_DELIVERY_IN_LPG_VOC+0.049ppm,6278.3,0,5.0,0.050,50
[2025-10-23 18:37:55.248] Boot+01:45:41,32.89,55.66,1010.00,62.73,556,0.567,5600,41.0,60.0,71.0,YES,YES,DRUG_DELIVERY_IN_LPG_VOC+0.049ppm,6288.8,0,5.0,0.050,50
[2025-10-23 18:38:04.659] Boot+01:45:50,32.89,55.66,1010.00,62.73,556,0.567,5600,41.0,60.0,72.0,YES,YES,DRUG_DELIVERY_IN_LPG_VOC+0.049ppm,6298.2,0,5.0,0.050,50
[2025-10-23 18:38:15.093] Boot+01:46:01,32.97,55.52,1010.00,61.59,551,0.561,5600,41.0,59.0,71.0,YES,YES,DRUG_DELIVERY_IN_LPG_VOC+0.042ppm,6308.6,0,5.0,0.050,50
[2025-10-23 18:38:24.499] Boot+01:46:10,32.97,55.52,1010.00,61.59,551,0.561,5600,42.0,60.0,71.0,YES,YES,DRUG_DELIVERY_IN_LPG_VOC+0.042ppm,6318.0,0,5.0,0.050,50
[2025-10-23 18:38:34.937] Boot+01:46:20,32.97,55.52,1010.00,61.59,551,0.561,5600,42.0,60.0,71.0,YES,YES,DRUG_DELIVERY_IN_LPG_VOC+0.042ppm,6328.4,0,5.0,0.050,50
[2025-10-23 18:38:45.389] Boot+01:46:31,32.97,55.52,1010.00,61.59,551,0.561,5600,41.0,59.0,71.0,YES,YES,DRUG_DELIVERY_IN_LPG_VOC+0.042ppm,6338.9,0,5.0,0.050,50
[2025-10-23 18:38:54.781] Boot+01:46:40,32.97,55.52,1010.00,61.59,551,0.561,5600,42.0,59.0,71.0,YES,YES,DRUG_DELIVERY_IN_LPG_VOC+0.042ppm,6348.3,0,5.0,0.050,50
[2025-10-23 18:39:05.228] Boot+01:46:51,32.97,55.52,1010.00,61.59,551,0.561,5600,43.0,60.0,72.0,YES,YES,DRUG_DELIVERY_IN_LPG_VOC+0.042ppm,6358.7,0,5.0,0.050,50
[2025-10-23 18:39:14.621] Boot+01:47:00,32.97,55.52,1010.00,61.59,551,0.561,5600,42.0,61.0,72.0,YES,YES,DRUG_DELIVERY_IN_LPG_VOC+0.042ppm,6368.1,0,5.0,0.050,50
[2025-10-23 18:39:25.062] Boot+01:47:10,32.97,55.52,1010.00,61.59,551,0.561,5600,40.0,59.0,72.0,YES,YES,DRUG_DELIVERY_IN_LPG_VOC+0.042ppm,6378.6,0,5.0,0.050,50
[2025-10-23 18:39:35.506] Boot+01:47:21,32.97,55.52,1010.00,61.59,551,0.561,5600,39.0,58.0,71.0,YES,YES,DRUG_DELIVERY_IN_LPG_VOC+0.042ppm,6389.0,0,5.0,0.050,50
[2025-10-23 18:39:44.895] Boot+01:47:30,32.97,55.52,1010.00,61.59,551,0.561,5600,41.0,59.0,73.0,YES,YES,DRUG_DELIVERY_IN_LPG_VOC+0.042ppm,6398.4,0,5.0,0.050,50
[2025-10-23 18:39:55.336] Boot+01:47:41,32.97,55.52,1010.00,61.59,551,0.561,5600,42.0,61.0,74.0,YES,YES,DRUG_DELIVERY_IN_LPG_VOC+0.042ppm,6408.8,0,5.0,0.050,50
[2025-10-23 18:40:05.776] Boot+01:47:51,32.97,55.52,1010.00,61.59,551,0.561,5600,41.0,61.0,72.0,YES,YES,DRUG_DELIVERY_IN_LPG_VOC+0.042ppm,6419.3,0,5.0,0.050,50
[2025-10-23 18:40:15.169] Boot+01:48:01,32.97,55.52,1010.00,61.59,551,0.561,5600,42.0,60.0,73.0,YES,YES,DRUG_DELIVERY_IN_LPG_VOC+0.042ppm,6428.7,0,5.0,0.050,50
[2025-10-23 18:40:25.624] Boot+01:48:11,32.97,55.52,1010.00,61.59,551,0.561,5600,40.0,60.0,73.0,YES,YES,DRUG_DELIVERY_IN_LPG_VOC+0.042ppm,6439.1,0,5.0,0.050,50
[2025-10-23 18:40:35.016] Boot+01:48:20,32.97,55.52,1010.00,61.59,551,0.561,5600,40.0,59.0,72.0,YES,YES,DRUG_DELIVERY_IN_LPG_VOC+0.042ppm,6448.5,0,5.0,0.050,50
[2025-10-23 18:40:45.471] Boot+01:48:31,32.97,55.52,1010.00,61.59,551,0.561,5600,42.0,60.0,72.0,YES,YES,DRUG_DELIVERY_IN_LPG_VOC+0.042ppm,6459.0,0,5.0,0.050,50
[2025-10-23 18:40:55.910] Boot+01:48:41,32.97,55.52,1010.00,61.59,551,0.561,5600,43.0,62.0,72.0,YES,YES,DRUG_DELIVERY_IN_LPG_VOC+0.042ppm,6469.4,0,5.0,0.050,50
[2025-10-23 18:41:05.305] Boot+01:48:51,32.97,55.52,1010.00,61.59,551,0.561,5600,42.0,62.0,72.0,YES,YES,DRUG_DELIVERY_IN_LPG_VOC+0.042ppm,6478.8,0,5.0,0.050,50
[2025-10-23 18:41:15.743] Boot+01:49:01,32.97,55.52,1010.00,61.59,551,0.561,5600,40.0,59.0,70.0,YES,YES,DRUG_DELIVERY_IN_LPG_VOC+0.042ppm,6489.3,0,5.0,0.050,50
[2025-10-23 18:41:25.151] Boot+01:49:11,32.97,55.52,1010.00,61.59,551,0.561,5600,41.0,58.0,70.0,YES,YES,DRUG_DELIVERY_IN_LPG_VOC+0.042ppm,6498.7,0,5.0,0.050,50
[2025-10-23 18:41:35.590] Boot+01:49:21,32.97,55.52,1010.00,61.59,551,0.561,5600,41.0,59.0,70.0,YES,YES,DRUG_DELIVERY_IN_LPG_VOC+0.042ppm,6509.1,0,5.0,0.050,50
[2025-10-23 18:41:46.044] Boot+01:49:31,32.97,55.52,1010.00,61.59,551,0.561,5600,42.0,61.0,71.0,YES,YES,DRUG_DELIVERY_IN_LPG_VOC+0.042ppm,6519.6,0,5.0,0.050,50
[2025-10-23 18:41:55.444] Boot+01:49:41,32.97,55.52,1010.00,61.59,551,0.561,5600,40.0,61.0,72.0,YES,YES,DRUG_DELIVERY_IN_LPG_VOC+0.042ppm,6528.9,0,5.0,0.050,50
[2025-10-23 18:42:05.896] Boot+01:49:51,32.97,55.52,1010.00,61.59,551,0.561,5600,41.0,59.0,71.0,YES,YES,DRUG_DELIVERY_IN_LPG_VOC+0.042ppm,6539.4,0,5.0,0.050,50
[2025-10-23 18:42:15.289] Boot+01:50:01,32.97,55.52,1010.00,61.59,551,0.561,5600,42.0,60.0,73.0,YES,YES,DRUG_DELIVERY_IN_LPG_VOC+0.042ppm,6548.8,0,5.0,0.050,50
